99 Example ornament-turn2
99 Thu Aug 20 15:11:24 PDT 2009

8.  1.0  40.000      .00      .00   150.00
14.  1.0  40.000     2.00     8.00
14.  1.0  40.000     2.00
3.  1.0  42.000
17.  1.0  49.662      .00     3.00
1.  1.0  60.762     4.00    10.00      .00      .2500     2.50
1.  1.0  60.762     6.00      .00      .00      .2500
6.  1.0  60.762     6.50     6.50    75.57    12.0000
1.  1.0  65.696     7.00    10.00      .00      .2500     -.50
1.  1.0  70.631     4.00    10.00      .00      .2500     2.50
1.  1.0  70.631     6.00      .00      .00      .2500
1.  1.0  75.565     7.00    10.00      .00      .2500     -.50
9.  1.0  79.250    15.75    61.00     1.00
1.  1.0  80.500     4.00    10.00      .00      .2500     4.00
1.  1.0  80.500     6.00      .00      .00      .2500
6.  1.0  80.500     8.00     8.00    96.97    12.0000
1.  1.0  87.100     8.00    13.00      .00      .2500
1.  1.0  92.035     4.00    10.00      .00      .2500     4.00
1.  1.0  92.035     6.00      .00      .00      .2500
1.  1.0  96.969     8.00    10.00      .00      .2500
14.  1.0 103.969     2.00
1.  1.0 106.793     4.00    10.00      .00      .2500     4.00
1.  1.0 106.793     6.00      .00      .00      .2500
6.  1.0 106.793     8.00     8.00   123.26    12.0000
1.  1.0 113.393     8.00    13.00      .00      .2500
1.  1.0 118.327     4.00    10.00      .00      .2500     4.00
1.  1.0 118.327     6.00      .00      .00      .2500
1.  1.0 123.262     8.00    10.00      .00      .2500
1.  1.0 128.196     4.00    10.00      .00      .2500     4.00
1.  1.0 128.196     6.00      .00      .00      .2500
6.  1.0 128.196     8.00     8.00   143.00    12.0000
1.  1.0 133.131     8.00    10.00      .00      .2500
1.  1.0 138.065     4.00    10.00      .00      .2500     4.00
1.  1.0 138.065     6.00      .00      .00      .2500
1.  1.0 143.000     8.00    10.00      .00      .2500
14.  1.0 150.000     2.00
8.  2.0  40.000      .00      .00   150.00
3.  2.0  42.000
17.  2.0  49.662      .00     3.00
1.  2.0  60.762    15.00    20.00      .00     1.0000     1.00
5.  2.0  60.762    17.00    19.00    80.50     2.7500    -1.00     -.50
5.  2.0  80.500     9.50     9.50   106.79    -1.7325    -2.00
1.  2.0  80.500    10.00      .00      .00     1.0000
1.  2.0  80.500    17.00    20.00      .00     1.0000     7.00
5.  2.0  80.500    18.20    18.20   106.79     1.7325    -2.00
1.  2.0 106.793    10.00      .00      .00     1.0000
1.  2.0 106.793    17.00    20.00      .00     1.0000     7.00
5.  2.0 106.793    19.00    18.00   128.20     2.0325    -1.00
1.  2.0 128.196     9.00     2.00      .00     1.0000
1.  2.0 128.196    16.00    22.00      .00     1.0000     7.00
9.  2.0  60.762    16.00    75.00      .40      .0000      .00      .00      .00      .00      .00       .00       .00     10.00
9.  2.0  60.762    13.00     7.00      .18      .0000      .00      .00      .00      .00      .00       .00       .00     12.50
9.  2.0  60.762    18.25     7.00      .18      .0000      .00      .00      .00      .00      .00       .00       .00     12.50
5.  2.0 106.793     8.25     7.25   128.20    -2.0325    -1.00
