99 Example tuplet-ambig
99 Tue Aug 18 16:37:38 PDT 2009

8.  1.0  70.000      .00      .00   130.00
3.  1.0  71.500
18.  1.0  78.999      .00     5.00     8.00
1.  1.0  86.499    10.00    20.00      .00     1.0000
5.  1.0  86.499    12.00    12.00    96.38     1.4187     3.00     2.00
1.  1.0  96.380     9.00    20.00      .00     1.0000
14.  1.0 105.739     1.00     1.00
1.  1.0 110.021    10.00    20.00     1.00     1.0000
5.  1.0 110.021    12.00    12.00   119.90     1.4187     3.00     2.00
1.  1.0 119.902     9.00    20.00     1.00     1.0000
14.  1.0 130.000     1.00
