99 Example layer-lhrh2
99 Thu Aug 20 14:49:55 PDT 2009

8.  1.0  50.000      .00      .80   150.00
14.  1.0  50.000     2.00     8.00
14.  1.0  50.000     2.00
3.  1.0  51.320      .00     1.00
17.  1.0  56.891      .00     3.00     1.00      .8000
1.  1.0  63.717     6.00    20.00      .00      .5000    -1.00
6.  1.0  63.717     7.00     9.50   102.32    21.0000
1.  1.0  76.100    11.00    20.00      .00      .5000     3.20
1.  1.0  90.441     8.00    20.00      .00      .5000     -.73
1.  1.0 102.324    11.00    20.00      .00      .5000     1.50
1.  1.0 117.030     5.00    20.00      .00      .5000    -1.50
6.  1.0 117.030     6.50     8.00   144.97    21.0000
1.  1.0 127.529    10.00    20.00      .00      .5000     2.94
1.  1.0 139.807     8.00    20.00      .00      .5000      .28
1.  1.0 144.966    10.00    20.00      .00      .5000     2.00
14.  1.0 150.000     2.00
14.  1.0 150.000     2.00
8.  2.0  50.000    -1.00      .80   150.00
3.  2.0  51.320
17.  2.0  56.891      .00     3.00      .00      .8000
6.  2.0  63.717    -9.45    -6.45    86.85    13.0000      .00      .00      .00      .00      .00       .00       .00       .50
1.  2.0  63.717    11.00    10.00      .00      .1250     1.05      .00      .00      .00     2.00
1.  2.0  66.813    12.00    10.00      .00      .1250      .44      .00      .00      .00     2.00
1.  2.0  69.909    11.00    10.00      .00      .1250     1.84      .00      .00      .00     2.00
1.  2.0  73.004    10.00    10.00      .00      .1250     3.23      .00      .00      .00     2.00
1.  2.0  76.100    11.00    10.00      .00      .1250     2.62      .00      .00      .00     2.00
1.  2.0  79.196    12.00    10.00      .00      .1250     2.02      .00      .00      .00     2.00
1.  2.0  82.292    13.00    10.00      .00      .1250     1.41      .00      .00      .00     2.00
1.  2.0  86.846    14.00    12.94      .00      .1250     1.05      .00      .50      .00     2.00
1.  2.0  90.441     3.00    20.00      .00      .1250      .00
6.  2.0  90.441     3.00     6.50   113.57    23.0000
1.  2.0  93.537     4.00    20.00      .00      .1250      .53
1.  2.0  96.633     5.00    20.00      .00      .1250     1.06
1.  2.0  99.729     6.00    20.00      .00      .1250     1.59
1.  2.0 102.825     7.00    20.00      .00      .1250     2.13
1.  2.0 105.920     8.00    20.00      .00      .1250     2.66
1.  2.0 110.474     9.00    22.95      .00      .1250     2.93      .00      .25
1.  2.0 113.570    10.00    20.00      .00      .1250     3.50
1.  2.0 117.030    11.00    20.00      .00      .1667     -.50
6.  2.0 117.030    11.50    14.00   135.94    22.0000     6.00
5.  2.0 117.030    13.00    18.00   135.94     2.2604    -1.00
1.  2.0 120.349    12.00    20.00      .00      .1667      .06
1.  2.0 123.668    13.00    20.00      .00      .1667      .62
1.  2.0 127.529    14.00    20.00      .00      .1667     1.11
1.  2.0 131.391    15.00    20.00      .00      .1667     1.60
1.  2.0 135.945    16.00    22.00      .00      .1667     2.00
6.  2.0 139.806    14.00    14.00   144.97    21.0000
1.  2.0 139.806    17.00    20.00      .00      .5000     3.00
1.  2.0 144.966    17.00    20.00      .00      .5000     3.00
