99 Example layer-lhrh4
99 Fri Aug 21 14:42:35 PDT 2009

8.  1.0    .000      .00      .90   200.00
14.  1.0    .000     2.00
14.  1.0    .000     2.00     8.00
3.  1.0   1.800      .00     1.00
17.  1.0   8.926      .00    -3.00     1.00      .8000
1.  1.0  17.908    12.00    20.00      .00     1.0000
2.  1.0  27.981      .00     1.00      .00      .5000
14.  1.0  33.164     2.00
1.  1.0  36.167     5.00    20.00      .00     1.0000    -1.00
2.  1.0  46.239      .00     1.00      .00      .5000
1.  1.0  51.276    12.00    20.00      .00     1.0000
2.  1.0  61.348      .00     1.00      .00      .5000
14.  1.0  66.531     2.00
1.  1.0  69.534     5.00    20.00      .00     1.0000    -1.00
2.  1.0  79.607      .00     1.00      .00      .5000
1.  1.0  84.643    12.00    20.00      .00     1.0000
2.  1.0  94.715      .00     1.00      .00      .5000
14.  2.0  99.898     1.00      .00      .00      .0000      .00      .00    -2.75
1.  1.0 102.901     5.00    20.00      .00     1.0000    -1.00
2.  1.0 112.974    -2.00     1.00      .00      .5000
2.  1.0 118.010     4.00     1.00      .00      .5000
1.  1.0 118.010     5.00    20.00      .00     1.0000    -1.00
1.  1.0 123.046    11.00    10.00      .00      .5000      .50
6.  1.0 123.046    11.50    11.50   128.08    11.0000
1.  1.0 123.046    13.00      .00      .00      .5000
2.  1.0 128.082    -2.00     1.00      .00      .5000
1.  1.0 128.082    11.00    10.00      .00      .5000      .50
1.  1.0 128.082    13.00      .00      .00      .5000
14.  1.0 133.266     2.00
2.  1.0 136.269     4.00     1.00      .00      .5000
1.  1.0 136.269     5.00    20.00      .00     1.0000    -1.00
1.  1.0 141.305    10.00    10.00      .00      .5000      .50
6.  1.0 141.305    10.50    10.50   146.34    11.0000
1.  1.0 141.305    12.00      .00      .00      .5000
2.  1.0 146.341    -4.00     1.00      .00      .5000
1.  1.0 146.341    10.00    10.00      .00      .5000      .50
1.  1.0 146.341    12.00      .00      .00      .5000
2.  1.0 151.377     4.00     1.00      .00      .5000
1.  1.0 151.377     5.00    20.00      .00     1.0000    -1.00
1.  1.0 156.413     9.00    10.00      .00      .5000      .50
6.  1.0 156.413     9.50     9.50   161.45    11.0000
1.  1.0 156.413    11.00      .00      .00      .5000
2.  1.0 161.450    -4.00     1.00      .00      .5000
1.  1.0 161.450     9.00    10.00      .00      .5000      .50
1.  1.0 161.450    11.00      .00      .00      .5000
14.  1.0 166.633     2.00
2.  1.0 169.636     4.00     1.00      .00      .5000
1.  1.0 169.636     5.00    20.00      .00     1.0000    -1.00
1.  1.0 174.672     8.00    10.00      .00      .5000      .50
6.  1.0 174.672     8.50     8.50   179.71    11.0000
1.  1.0 174.672    10.00      .00      .00      .5000
2.  1.0 179.708    -4.00     1.00      .00      .5000
1.  1.0 179.708     8.00    10.00      .00      .5000      .50
1.  1.0 179.708    10.00      .00      .00      .5000
2.  1.0 184.744     4.00     1.00      .00      .5000
1.  1.0 184.744     5.00    20.00      .00     1.0000    -1.00
1.  1.0 189.781     7.00    10.00      .00      .5000      .50
6.  1.0 189.781     7.50     7.50   194.82    11.0000
1.  1.0 189.781     9.00      .00      .00      .5000
2.  1.0 194.817    -4.00     1.00      .00      .5000
1.  1.0 194.817     7.00    10.00      .00      .5000      .50
1.  1.0 194.817     9.00      .00      .00      .5000
14.  1.0 200.000     2.00
8.  2.0    .000      .00      .90   200.00
3.  2.0   1.800
17.  2.0   8.926      .00    -3.00      .00      .8000
2.  2.0  17.908      .00     1.00      .00      .5000
1.  2.0  22.945     5.00      .00      .00      .5000
6.  2.0  22.945     6.50     6.50    27.98    21.0000
1.  2.0  22.945     7.00    20.00      .00      .5000      .50
1.  2.0  22.945    10.00    10.00      .00      .5000     5.50      .00      .00     7.00      .00      1.00     15.50
6.  2.0  22.945    15.50    15.50    27.98    11.0000
1.  2.0  22.945    17.00      .00      .00      .5000
1.  2.0  27.981     5.00      .00      .00      .5000
1.  2.0  27.981     7.00    20.00      .00      .5000      .50
1.  2.0  27.981    10.00    10.00      .00      .5000     5.50      .00      .00     7.00      .00      1.00     15.50
1.  2.0  27.981    17.00      .00      .00      .5000
2.  2.0  36.167    -4.00     1.00      .00      .5000
1.  2.0  36.167    10.00    10.00      .00      .5000     5.50
6.  2.0  36.167    15.50    15.00    46.24    11.0000
1.  2.0  36.167    17.00      .00      .00      .5000
5.  2.0  36.167    23.50    23.19    41.20     1.0000    -4.00
1.  2.0  41.203     4.00      .00      .00      .5000
6.  2.0  41.203     5.50     5.50    46.24    21.0000
1.  2.0  41.203     6.00    20.00      .00      .5000      .50
1.  2.0  41.203     9.00    10.00      .00      .5000     6.29
1.  2.0  41.203    16.00      .00      .00      .5000
1.  2.0  46.239     4.00      .00      .00      .5000
1.  2.0  46.239     6.00    20.00      .00      .5000      .50
1.  2.0  46.239     9.00    10.00      .00      .5000     6.00      .00      .00     7.00      .00      1.00     17.00
1.  2.0  46.239    16.00      .00      .00      .5000
2.  2.0  51.276    -4.00     1.00      .00      .5000
2.  2.0  51.276     4.00     1.00      .00      .5000
1.  2.0  56.312     3.00      .00      .00      .5000
6.  2.0  56.312     4.50     4.50    61.35    21.0000
1.  2.0  56.312     5.00    20.00      .00      .5000      .50
1.  2.0  56.312     8.00    10.00      .00      .5000     5.50      .00      .00     7.00      .00      1.00     15.50
6.  2.0  56.312    13.50    13.50    61.35    11.0000
1.  2.0  56.312    15.00      .00      .00      .5000
1.  2.0  61.348     3.00      .00      .00      .5000
1.  2.0  61.348     5.00    20.00      .00      .5000      .50
1.  2.0  61.348     8.00    10.00      .00      .5000     5.50      .00      .00     7.00      .00      1.00     15.50
1.  2.0  61.348    15.00      .00      .00      .5000
2.  2.0  69.534    -4.00     1.00      .00      .5000
1.  2.0  69.534     8.00    10.00      .00      .5000     5.50
6.  2.0  69.534    13.50    13.00    79.61    11.0000
1.  2.0  69.534    15.00      .00      .00      .5000
5.  2.0  69.534    21.50    21.50    74.57     1.0000    -4.00
1.  2.0  74.570     2.00      .00      .00      .5000
6.  2.0  74.570     3.50     3.50    79.61    21.0000
1.  2.0  74.570     4.00    20.00      .00      .5000      .50
1.  2.0  74.570     7.00    10.00      .00      .5000     6.29
1.  2.0  74.570    14.00      .00      .00      .5000
1.  2.0  79.607     2.00      .00      .00      .5000
1.  2.0  79.607     4.00    20.00      .00      .5000      .50
1.  2.0  79.607     7.00    10.00      .00      .5000     6.00      .00      .00     7.00      .00      1.00     17.00
1.  2.0  79.607    14.00      .00      .00      .5000
2.  2.0  84.643    -4.00     1.00      .00      .5000
2.  2.0  84.643     4.00     1.00      .00      .5000
1.  2.0  89.679     1.00      .00      .00      .5000
6.  2.0  89.679     2.50     2.50    94.72    21.0000
1.  2.0  89.679     3.00    20.00      .00      .5000      .50
1.  2.0  89.679     6.00    10.00      .00      .5000     5.50      .00      .00     7.00      .00      1.00     15.50
6.  2.0  89.679    11.50    11.50    94.72    11.0000
1.  2.0  89.679    13.00      .00      .00      .5000
1.  2.0  94.715     1.00      .00      .00      .5000
1.  2.0  94.715     3.00    20.00      .00      .5000      .50
1.  2.0  94.715     6.00    10.00      .00      .5000     5.50      .00      .00     7.00      .00      1.00     15.50
1.  2.0  94.715    13.00      .00      .00      .5000
2.  2.0 102.901    -6.00     1.00      .00      .5000
1.  2.0 102.901     6.00    10.00      .00      .5000     5.50
6.  2.0 102.901    11.50    11.00   112.97    11.0000
1.  2.0 102.901    13.00      .00      .00      .5000
5.  2.0 102.901    19.50    19.50   107.94     1.0000    -4.00
1.  2.0 107.938      .00      .00      .00      .5000
6.  2.0 107.938     1.50     1.50   112.97    21.0000
1.  2.0 107.938     2.00    20.00      .00      .5000      .50
1.  2.0 107.938     5.00    10.00      .00      .5000     6.29
1.  2.0 107.938    12.00      .00      .00      .5000
1.  2.0 112.974      .00      .00      .00      .5000
1.  2.0 112.974     2.00    20.00      .00      .5000      .50
1.  2.0 112.974     5.00    10.00      .00      .5000     6.00      .00      .00     7.00      .00      1.00     17.00
1.  2.0 112.974    12.00      .00      .00      .5000
2.  2.0 118.010      .00     1.00      .00      .5000
1.  2.0 123.046     4.00    10.00      .00      .5000     5.50      .00      .00     7.00
6.  2.0 123.046     9.50     9.50   128.08    11.0000
1.  2.0 123.046    11.00      .00      .00      .5000
1.  2.0 128.082     4.00    10.00      .00      .5000     5.50      .00      .00     7.00
1.  2.0 128.082    11.00      .00      .00      .5000
5.  2.0 136.269     2.00     1.00   141.30    -1.2744    -1.00
1.  2.0 136.269     4.00    10.00      .00      .5000     5.50
6.  2.0 136.269     9.50     9.00   146.34    11.0000
1.  2.0 136.269    11.00      .00      .00      .5000
1.  2.0 141.305     3.00    10.00      .00      .5000     6.25
1.  2.0 141.305    10.00      .00      .00      .5000
1.  2.0 146.341     3.00    10.00      .00      .5000     6.00      .00      .00     7.00
1.  2.0 146.341    10.00      .00      .00      .5000
5.  2.0 151.377     1.00      .00   156.41    -1.2744    -1.00
1.  2.0 151.377     3.00    10.00      .00      .5000     5.50
6.  2.0 151.377     8.50     8.00   161.45    11.0000
1.  2.0 151.377    10.00      .00      .00      .5000
1.  2.0 156.413     2.00    10.00      .00      .5000     6.25
1.  2.0 156.413     9.00      .00      .00      .5000
1.  2.0 161.450     2.00    10.00      .00      .5000     6.00      .00      .00     7.00
1.  2.0 161.450     9.00      .00      .00      .5000
5.  2.0 169.636      .00    -1.00   174.67    -1.2744    -1.00
1.  2.0 169.636     2.00    10.00      .00      .5000     5.50
6.  2.0 169.636     7.50     7.00   179.71    11.0000
1.  2.0 169.636     9.00      .00      .00      .5000
1.  2.0 174.672     1.00    10.00      .00      .5000     6.25
1.  2.0 174.672     8.00      .00      .00      .5000
1.  2.0 179.708     1.00    10.00      .00      .5000     6.00      .00      .00     7.00
1.  2.0 179.708     8.00      .00      .00      .5000
5.  2.0 184.744    -1.00    -2.00   189.78    -1.2744    -1.00
1.  2.0 184.744     1.00    10.00      .00      .5000     6.00
6.  2.0 184.744     7.00     6.50   194.82    11.0000
1.  2.0 184.744     8.00      .00      .00      .5000
1.  2.0 189.781      .00    10.00      .00      .5000     6.75
1.  2.0 189.781     7.00      .00      .00      .5000
1.  2.0 194.817      .00    10.00      .00      .5000     6.50      .00      .00     7.00
1.  2.0 194.817     7.00      .00      .00      .5000
14.  1.0  99.898     2.00      .00      .00      .0000      .00      .00      .00    -5.63
t  2.   97.295   -5.050     1.000    1.000     .000     .000     .000     .000   -1.215
_02cresc.
