99 Example tuplet-nested
99 Tue Aug 18 16:38:10 PDT 2009

8.  1.0  50.000      .00      .00   150.00
3.  1.0  51.167      .00     1.00
17.  1.0  59.132      .00     1.00     1.00
6.  1.0  66.132     6.00     6.00   116.62    21.0000      .00      .00    12.00    78.18   106.53
1.  1.0  66.132    10.00    20.00      .00      .0000     4.00
1.  1.0  78.178     9.00    20.00      .00      .0667     3.00
5.  1.0  66.132    -3.00    -3.00   113.62    -1.5000     3.00      .00      .00      .00      .00       .00       .00       .00      5.00
1.  1.0  85.767     8.00    20.00      .00      .0667     2.00
1.  1.0  92.355     9.00    20.00      .00      .0667     3.00
1.  1.0  99.444     8.00    20.00      .00      .0667     2.00
1.  1.0 106.533     9.00    20.00      .00      .0667     3.00
1.  1.0 116.622     8.00    20.00      .00      .3333     2.00
1.  1.0 127.955   106.00    10.00      .00    65.0000     2.83
6.  1.0 127.955   107.70     8.18   134.25    12.0000
1.  1.0 131.105   107.00    10.00      .00    65.0000     1.57
1.  1.0 134.255   108.00    10.00      .00    65.0000      .30
1.  1.0 138.454     7.00    20.00      .00     1.0000
14.  1.0 150.000    -1.00
5.  1.0  78.178    12.50    12.50   106.53     1.5000     3.00     5.00      .00      .00      .00       .00       .00       .00      5.00
