99 Example chord-seconds
99 Wed Aug 19 14:45:00 PDT 2009

8.  1.0  70.000      .00      .00   120.00
3.  1.0  71.500
1.  1.0  88.500    10.00    20.00      .00     1.0000     4.00
1.  1.0  88.500     7.00      .00      .00     1.0000      .00      .00    20.00
1.  1.0  88.500     6.00      .00      .00     1.0000
1.  1.0 104.750    10.00    20.00      .00     1.0000     3.00
1.  1.0 104.750     7.00      .00      .00     1.0000
1.  1.0 104.750     6.00      .00      .00     1.0000      .00      .00    20.00
14.  1.0 120.000    -1.00
