99 Example tie-xlayer
99 Fri Aug 21 13:55:56 PDT 2009

8.  1.0    .000      .00      .00   200.00
14.  1.0    .000     2.00
14.  1.0    .000     2.00     8.00
3.  1.0   2.000      .00     1.00
17.  1.0   9.842      .00    -3.00     1.00      .9000
5.  1.0  22.242     2.00     2.00    38.00    -1.5000    -2.00      .00      .00      .00      .00       .00       .00       .00      1.00      4.00     -1.00
1.  1.0  22.242     3.00    10.00      .00     1.5000     4.50    10.00
1.  1.0  22.242     8.00     3.00      .00     1.5000      .00    10.00
5.  1.0  22.242    14.50    11.50    49.51     2.9259    -4.00      .00      .55      .00      .00       .00       .00       .00      1.00      3.75      1.75
14.  1.0  33.404     2.00
1.  1.0  38.004     3.00    20.00     1.00     3.0000    -1.50   110.00
1.  1.0  38.004     9.00    10.00      .00     1.5000    -1.00    10.00
1.  1.0  49.513     5.00    13.00      .00     1.5000      .00    10.00
14.  1.0  60.832     2.00
5.  1.0  65.432     1.00     1.00    93.96    -1.5000    -2.00      .00      .00      .00      .00       .00       .00       .00      1.00      6.00     -1.00
1.  1.0  65.432     3.00    20.00     1.00     3.0000    -1.50   110.00
1.  1.0  65.432     6.00    10.00      .00     1.5000      .00    10.00
1.  1.0  76.941     8.00    13.00      .00     1.5000     -.50    10.00
5.  1.0  76.941    14.75    11.75   105.47     2.9259    -4.00      .00      .55      .00      .00       .00       .00       .00      1.00      4.25      2.00
14.  1.0  88.260     2.00
1.  1.0  93.960     3.00    20.00     1.00     3.0000    -1.50   110.00
1.  1.0  93.960     9.00    10.00      .00     1.5000    -1.00    10.00
1.  1.0 105.469     5.00    13.00      .00     1.5000      .00    10.00
14.  1.0 116.789     2.00
5.  1.0 121.389     1.00     1.00   161.12    -1.5000    -2.00      .00      .00      .00      .00       .00       .00       .00      1.00      6.00     -1.00
1.  1.0 121.389     3.00    20.00     1.00     3.0000    -1.50   110.00
1.  1.0 121.389     6.00    10.00      .00     1.0000
2.  1.0 130.358      .00     1.00      .00      .5000
1.  1.0 137.258     6.00    10.00      .00     1.5000      .00    10.00
5.  1.0 137.258    12.00    13.50   180.74     2.7509    -4.00      .00      .00      .00      .00       .00       .00       .00      1.00      3.75      1.50
14.  1.0 156.523     2.00
1.  1.0 161.123     3.00    20.00     1.00     3.0000    -1.50   110.00
1.  1.0 161.123     5.00    13.00      .00     1.5000      .00    10.00
1.  1.0 180.735     9.00    10.00      .00     1.5000    -1.00    10.00
14.  1.0 200.000     2.00
8.  2.0    .000     6.50      .00   200.00
3.  2.0   2.000
17.  2.0   9.842      .00    -3.00      .00      .9000
1.  2.0  22.242    -2.00    10.00      .00     1.5000     3.00    10.00
1.  2.0  22.242     1.00      .00      .00     1.5000      .00    10.00
5.  2.0  22.242     8.25    10.25    65.43     3.1820    -4.00      .00      .00      .00      .00       .00       .00       .00      1.00      3.75      1.50
5.  2.0  22.242    -2.63    -2.63    38.00    -1.2500    -1.00      .00      .00      .00      .00       .00       .00       .00      1.00      5.50      -.50
9.  2.0  22.496    -7.00    52.00     1.00      .0000      .00      .00      .00      .00      .00       .00       .00     -6.00       .00       .25
1.  2.0  38.004      .00    13.00      .00     1.5000      .00    10.00
1.  2.0  38.004    -2.00    20.00     1.00     1.5000    -1.50    10.00
5.  2.0  38.004    -2.63    -2.63    65.43    -1.2500    -1.00      .00      .00      .00      .00       .00       .00       .00      1.00      5.50      -.50
1.  2.0  49.513     4.00    10.00      .00     1.5000      .00    10.00
1.  2.0  65.432    -2.00    10.00      .00     1.5000     5.00    10.00
1.  2.0  65.432     3.00     3.00      .00     1.5000      .00    10.00
1.  2.0  76.941    -2.00    10.00      .00     1.5000     7.00    10.00
1.  2.0  76.941     1.00      .00      .00     1.5000      .00    10.00
1.  2.0  76.941     5.00      .00      .00     1.5000      .00    10.00
5.  2.0  76.941    12.00    12.00   121.39     2.9820    -4.00      .00      .00      .00      .00       .00       .00       .00      1.00      3.75      1.75
5.  2.0  76.941    -2.63    -2.63    93.96    -1.2500    -1.00      .00      .00      .00      .00       .00       .00       .00      1.00      5.50     -1.50
1.  2.0  93.960      .00    13.11      .00     1.5000      .00    10.96
1.  2.0  93.960    -2.00      .00     1.00     1.5000    -1.50    10.05    -1.00
5.  2.0  93.960    -2.63    -2.63   121.39    -1.2500    -1.00      .00      .00      .00      .00       .00       .00       .00      1.00      5.50      -.50
1.  2.0  93.960     5.00    20.00     1.00     1.5000     5.00    10.05    -1.00
1.  2.0 105.469     4.00    10.00      .00     1.5000      .00    10.00
1.  2.0 121.389    -2.00    10.00      .00     1.0000     7.00
1.  2.0 121.389     3.00     3.00      .00     1.0000
1.  2.0 121.389     5.00      .00      .00     1.0000
2.  2.0 130.358      .00     1.00      .00      .5000
4.  2.0 137.258    -4.50   999.00   172.67
1.  2.0 137.258     4.00     2.00      .00      .5000
6.  2.0 137.258     5.50     6.50   150.11    21.0000
1.  2.0 137.258    11.00    22.00      .00      .5000     5.50
1.  2.0 143.353     5.00      .00      .00      .5000
1.  2.0 143.353    12.00    20.00      .00      .5000     6.03
1.  2.0 150.112     6.00     3.00      .00      .5000
1.  2.0 150.112    13.00    23.00      .00      .5000     6.50
1.  2.0 161.123     5.00      .00      .00      .5000
6.  2.0 161.123     5.75     4.75   174.64    21.0000
1.  2.0 161.123    12.00    20.00      .00      .5000     6.25
1.  2.0 167.881     4.00     3.00      .00      .5000
1.  2.0 167.881    11.00    23.00      .00      .5000     5.75
1.  2.0 174.640     3.00     3.00      .00      .5000
1.  2.0 174.640    10.00    23.00      .00      .5000     5.25
4.  2.0 175.651    -4.50   999.00   193.59    -1.0000
1.  2.0 180.735     2.00    10.00      .00      .5000     5.50
6.  2.0 180.735     7.50     6.50   193.59    11.0000
1.  2.0 180.735     9.00      .00      .00      .5000
1.  2.0 186.830     1.00    10.00      .00      .5000     6.03
1.  2.0 186.830     8.00      .00      .00      .5000
1.  2.0 193.589      .00    13.00      .00      .5000     6.50
1.  2.0 193.589     7.00     3.00      .00      .5000
5.  2.0  76.941     6.38     6.38    93.96     1.2500    -1.00      .00      .00      .00      .00       .00       .00       .00      1.00      5.50     -1.00
