99 Example beam-secondary
99 Fri Aug  7 13:59:38 PDT 2009
99 Staff 1 contains all three subexamples

8.  1.0    .000      .00      .00   200.00
3.  1.0   1.500
1.  1.0  13.500     5.00    10.00      .00      .2500     -.50      .00
6.  1.0  13.500     4.50     4.50    57.90    12.0000
1.  1.0  22.381     5.00    10.00      .00      .2500     -.50      .00
1.  1.0  31.262     5.00    10.00      .00      .2500     -.50      .00
1.  1.0  40.143     5.00    10.00      .00      .2500     -.50      .00
1.  1.0  49.024     5.00    10.00      .00      .2500     -.50      .00
1.  1.0  57.905     5.00    10.00      .00      .2500     -.50      .00
2.  1.0  66.786      .00     2.00    -1.00      .5000
1.  1.0  80.107     5.00    10.00      .00      .2500     -.50      .00
6.  1.0  80.107     4.50     4.50   124.51    11.0000      .00      .00    11.00    80.11    97.87     11.00    124.51    106.75
1.  1.0  88.988     5.00    10.00      .00      .2500     -.50      .00
1.  1.0  97.869     5.00    10.00      .00      .2500     -.50      .00
1.  1.0 106.750     5.00    10.00      .00      .2500     -.50      .00
1.  1.0 115.631     5.00    10.00      .00      .2500     -.50      .00
1.  1.0 124.512     5.00    10.00      .00      .2500     -.50      .00
2.  1.0 133.393      .00     2.00    -1.00      .5000
1.  1.0 146.714     5.00    10.00      .00      .2500     -.50      .00
6.  1.0 146.714     4.50     4.50   191.12    11.0000      .00      .00    11.00   146.71   173.36     11.00    191.12    182.24
6.  1.0 146.714     4.50     4.50   191.12    11.0000      .00      .00    11.00   146.71   155.60     11.00    191.12    164.48
1.  1.0 155.595     5.00    10.00      .00      .2500     -.50      .00
1.  1.0 164.476     5.00    10.00      .00      .2500     -.50      .00
1.  1.0 173.357     5.00    10.00      .00      .2500     -.50      .00
1.  1.0 182.238     5.00    10.00      .00      .2500     -.50      .00
1.  1.0 191.119     5.00    10.00      .00      .2500     -.50      .00
14.  1.0 200.000     1.00
