99 Example ornament-fturn
99 Wed Aug 19 18:09:20 PDT 2009

8.  1.0  30.000      .00      .90   150.00
14.  1.0  30.000     2.00     8.00
14.  1.0  30.000     2.00
3.  1.0  31.800
17.  1.0  38.839      .00    -4.00      .00      .8000
1.  1.0  49.837      .00    10.00      .00      .2500     6.00
1.  1.0  49.837     4.00      .00      .00      .2500
1.  1.0  49.837     6.00      .00      .00      .2500
6.  1.0  49.837     6.00     6.00    66.34    12.0000
9.  1.0  49.837    -4.50   245.00      .38      .0000      .00      .00      .00      .00      .00       .00       .00       .63
1.  1.0  55.336      .00    10.00      .00      .2500     6.00
1.  1.0  55.336     4.00      .00      .00      .2500
1.  1.0  55.336     6.00      .00      .00      .2500
1.  1.0  60.836      .00    10.00      .00      .2500     6.00
1.  1.0  60.836     4.00      .00      .00      .2500
1.  1.0  60.836     6.00      .00      .00      .2500
1.  1.0  66.336      .00    10.00      .00      .2500     6.00
1.  1.0  66.336     4.00      .00      .00      .2500
1.  1.0  66.336     6.00      .00      .00      .2500
1.  1.0  72.513      .00    13.91      .00      .2500     6.00
1.  1.0  72.513     4.00      .00      .00      .2500
1.  1.0  72.513     6.00      .00      .00      .2500
6.  1.0  72.513     6.00     6.00    89.69    12.0000
9.  1.0  72.513    -4.50   245.00      .38      .0000      .00      .00      .00      .00      .00       .00       .00       .63
1.  1.0  78.012      .00    10.00      .00      .2500     6.00
1.  1.0  78.012     4.00      .00      .00      .2500
1.  1.0  78.012     6.00      .00      .00      .2500
1.  1.0  84.189      .00    10.00      .00      .2500     6.00
1.  1.0  84.189     2.00     3.00      .00      .2500
1.  1.0  84.189     6.00      .00      .00      .2500
1.  1.0  89.689      .00    10.00      .00      .2500     6.00
1.  1.0  89.689     2.00      .00      .00      .2500
1.  1.0  89.689     6.00      .00      .00      .2500
14.  1.0  98.225     2.00
1.  1.0 101.052     1.00    10.00      .00      .2500     3.50
1.  1.0 101.052     3.00      .00      .00      .2500
6.  1.0 101.052     4.50     4.50   117.55    12.0000
1.  1.0 101.052     5.00      .00      .00      .2500
9.  1.0 101.052    -4.00   244.00      .38      .0000      .00      .00      .00      .00      .00       .00       .00       .63
1.  1.0 106.552     1.00    10.00      .00      .2500     3.50
1.  1.0 106.552     3.00      .00      .00      .2500
1.  1.0 106.552     5.00      .00      .00      .2500
1.  1.0 112.052     1.00    10.00      .00      .2500     3.50
1.  1.0 112.052     3.00      .00      .00      .2500
1.  1.0 112.052     5.00      .00      .00      .2500
1.  1.0 117.551     1.00    10.00      .00      .2500     3.50
1.  1.0 117.551     3.00      .00      .00      .2500
1.  1.0 117.551     5.00      .00      .00      .2500
1.  1.0 123.051    -1.00    10.00      .00      .2500     3.50
6.  1.0 123.051     2.50     2.50   139.55    12.0000
1.  1.0 123.051     3.00      .00      .00      .2500
9.  1.0 123.051     5.00   242.00      .38      .0000      .00      .00      .00      .00      .00       .00       .00       .63
1.  1.0 128.551    -1.00    10.00      .00      .2500     3.50
1.  1.0 128.551     3.00      .00      .00      .2500
1.  1.0 134.050    -1.00    10.00      .00      .2500     3.50
1.  1.0 134.050     3.00      .00      .00      .2500
1.  1.0 139.550    -1.00    10.00      .00      .2500     3.50
1.  1.0 139.550     3.00      .00      .00      .2500
14.  1.0 150.000     2.00
8.  2.0  30.000    -2.00      .90   150.00
3.  2.0  31.800
17.  2.0  38.839      .00    -4.00      .00      .8000
1.  2.0  49.837    10.00    20.00      .00      .5000      .00
6.  2.0  49.837    10.00     9.50    60.84    21.0000
5.  2.0  49.837    12.00    10.50    60.84     1.3987    -1.00
1.  2.0  60.836     9.00    23.00      .00      .5000     -.50
5.  2.0  60.836     9.63     9.63    72.51      .7000    -2.00      .00      .00      .00      .00       .60       .00       .00      1.00      3.13
9.  2.0  60.836    10.25   241.00      .38      .0000      .00      .00      .00      .00      .00       .00       .00       .63
6.  2.0  72.513     9.50     9.50    93.27    21.0000      .00      .00    11.00    84.19    93.27     21.00       .00     93.27
1.  2.0  72.513     9.00    20.00      .00      .5000     -.50
5.  2.0  72.513    12.00    12.00    93.27     1.5000    -1.00      .25
9.  2.0  72.513    12.50    75.00      .40      .0000      .00      .00      .00      .00      .00       .00       .00      6.13
9.  2.0  72.513    13.00   243.00      .38      .0000      .00      .00      .00      .00      .00       .00       .00      4.63
9.  2.0  72.513    13.00   242.00      .38      .0000      .00      .00      .00      .00      .00       .00       .00      6.50
9.  2.0  72.513    13.00   241.00      .38      .0000      .00      .00      .00      .00      .00       .00       .00      8.25
9.  2.0  73.013    13.00   242.00      .38      .0000      .00      .00      .00      .00      .00       .00       .00      9.25
1.  2.0  84.189    11.00    20.00      .00      .3750     1.50    10.00
9.  2.0  84.189    13.00   244.00      .38      .0000      .00      .00      .00      .00      .00       .00       .00       .13
1.  2.0  93.275    10.00    20.00      .00      .1250      .50
9.  2.0  93.275    11.63   243.00      .38      .0000      .00      .00      .00      .00      .00       .00       .00       .63
9.  2.0 101.013    10.63   244.00      .38      .0000      .00      .00      .00      .00      .00       .00       .00       .63
1.  2.0 101.052    10.00    20.00      .00     1.0000
9.  2.0 123.051    16.88   242.00      .38      .0000      .00      .00      .00      .00      .00       .00       .00     10.00
5.  2.0 123.051     2.00     6.00   143.70    -2.1728    -1.00      .00      .00      .00      .00       .00       .00       .00      1.00      2.00      1.50
1.  2.0 123.051     4.00    10.00      .00      .7500      .75    10.00
6.  2.0 123.051     4.75     8.50   143.70    11.0000      .00      .00    12.00   139.55   143.70
9.  2.0 123.051    15.00     8.00      .15      .1200      .00      .00      .00      .00      .00       .00       .00     11.00
9.  2.0 123.051    17.50    75.00      .40      .0000      .00      .00      .00      .00      .00       .00       .00      9.00
9.  2.0 123.051    16.88   244.00      .38      .0000      .00      .00      .00      .00      .00       .00       .00      6.88
9.  2.0 123.051    16.88   243.00      .38      .0000      .00      .00      .00      .00      .00       .00       .00      8.50
9.  2.0 123.051    16.88   241.00      .38      .0000      .00      .00      .00      .00      .00       .00       .00     11.50
9.  2.0 123.051     -.50   241.00      .38      .0000      .00      .00      .00      .00      .00       .00       .00      1.00
1.  2.0 139.550     6.00    10.00      .00      .1250     1.75
9.  2.0 139.550     -.88   242.00      .38      .0000      .00      .00      .00      .00      .00       .00       .00      1.00
1.  2.0 143.700     8.00    10.00      .00      .1250      .50
9.  2.0 143.700     -.25   244.00      .38      .0000      .00      .00      .00      .00      .00       .00       .00      1.00
