99 Example layer-lhrh
99 Thu Aug 20 17:53:06 PDT 2009

8.  1.0    .000      .00      .80   200.00
14.  1.0    .000     2.00
14.  1.0    .000     2.00     8.00
3.  1.0   1.400      .00     1.00
17.  1.0   6.895      .00     3.00     1.00
2.  1.0  14.665    -6.00    -1.00      .00     2.0000
6.  1.0  14.665     6.50     5.25    25.66    11.0000
1.  1.0  14.665     7.00    10.00      .00      .3333     -.50      .00      .00     7.00
1.  1.0  20.319     6.00    10.00      .00      .3333     -.14      .00      .00     7.00
1.  1.0  25.659     5.00    10.00      .00      .3333      .25      .00      .00     7.00
6.  1.0  31.439     3.00     2.00    43.12    11.0000
1.  1.0  31.439     4.00    13.00      .00      .3333    -1.00      .00      .00     7.00
1.  1.0  37.282     3.00    12.00      .00      .3333     -.50      .00      .00     7.00
1.  1.0  43.124     2.00    12.00      .00      .3333      .00      .00      .00     7.00
2.  1.0  48.464      .00    -1.00      .00     2.0000
1.  1.0  48.464     1.00    20.00      .00      .3333    -1.50      .00      .00     7.00      .00     -1.00     -9.50
6.  1.0  48.464     2.50     2.50    59.46    21.0000
1.  1.0  54.118     2.00    20.00      .00      .3333     -.50      .00      .00     7.00      .00     -1.00     -9.50
1.  1.0  59.458     1.00    20.00      .00      .3333    -1.50      .00      .00     7.00      .00     -1.00     -9.50
1.  1.0  65.071      .00    20.00      .00      .3333    -1.50      .00      .00     7.00      .00     -1.00     -8.50
6.  1.0  65.071     1.50      .00    76.29    21.0000
1.  1.0  70.683    -1.00    20.00      .00      .3333    -1.75      .00      .00     7.00      .00     -1.00     -9.25
1.  1.0  76.295    -2.00    20.00      .00      .3333    -2.00      .00      .00     7.00      .00     -1.00     -8.25
14.  1.0  81.844     2.00
1.  1.0  84.085    -3.00    10.00      .00      .1250     4.00
6.  1.0  84.085     1.00     5.00   110.59    13.0000
1.  1.0  88.145    -2.00    10.00      .00      .1250     3.61
1.  1.0  92.205    -1.00    10.00      .00      .1250     3.23
1.  1.0  96.265      .00    10.00      .00      .1250     2.84
1.  1.0 100.325     1.00    10.00      .00      .1250     2.45
1.  1.0 103.745     2.00    10.00      .00      .1250     1.97
1.  1.0 107.165     3.00    10.00      .00      .1250     1.48
1.  1.0 110.585     4.00    10.00      .00      .1250     1.00
6.  1.0 114.786     4.50     8.50   131.89    23.0000
1.  1.0 114.786     5.00    20.00      .00      .1250      .50
1.  1.0 118.206     6.00    20.00      .00      .1250      .70
1.  1.0 121.626     7.00    20.00      .00      .1250      .90
1.  1.0 125.046     8.00    20.00      .00      .1250     1.10
1.  1.0 128.467     9.00    20.00      .00      .1250     1.30
1.  1.0 131.887    10.00    20.00      .00      .1250     1.50
2.  1.0 135.307      .00     2.00      .00      .2500
2.  1.0 142.147      .00    -1.00      .00     2.0000
14.  1.0 200.000     2.00
8.  2.0    .000    -4.00      .80   200.00
3.  2.0   1.400
17.  2.0   6.895      .00     3.00
2.  2.0  14.665      .00    -2.00    -1.00     4.0000      .00    45.70
2.  2.0  84.085      .00      .00      .00     1.0000
2.  2.0 114.785      .00     1.00      .00      .5000
2.  2.0 128.467      .00     2.00      .00      .2500
6.  2.0 135.307    -7.00    -6.50   138.73    13.0000
1.  2.0 135.307    11.00    10.00      .00      .1250      .50      .00      .00      .00     2.00
1.  2.0 138.727    12.00    10.00      .00      .1250      .00      .00      .00      .00     2.00
1.  2.0 142.148     1.00    10.00      .00      .1250     2.50
6.  2.0 142.148     3.50     9.50   166.09    13.0000
1.  2.0 145.568     2.00    10.00      .00      .1250     2.36
1.  2.0 148.988     3.00    10.00      .00      .1250     2.21
1.  2.0 152.408     4.00    10.00      .00      .1250     2.07
1.  2.0 155.828     5.00    10.00      .00      .1250     1.93
1.  2.0 159.249     6.00    10.00      .00      .1250     1.79
1.  2.0 162.669     7.00    10.00      .00      .1250     1.64
1.  2.0 166.089     8.00    10.00      .00      .1250     1.50
6.  2.0 170.289     8.00    13.00   196.15    23.0000
1.  2.0 170.289     9.00    20.00      .00      .1250     1.00
1.  2.0 173.709    10.00    20.00      .00      .1250     1.34
1.  2.0 177.129    11.00    20.00      .00      .1250     1.68
1.  2.0 180.550    12.00    20.00      .00      .1250     2.02
1.  2.0 183.970    13.00    20.00      .00      .1250     2.35
1.  2.0 188.030    14.00    20.00      .00      .1250     2.57
1.  2.0 192.090    15.00    20.00      .00      .1250     2.78
1.  2.0 196.150    16.00    20.00      .00      .1250     3.00
