99 Example: note-caution
99 Date: Fri Aug 14 15:23:08 PDT 2009
99 Staff 2 contains subexample A, without cautionary accidental
99 Staff 1 contains subexample B, with cautionary accidental

3.  1.0  50.000
8.  1.0  50.000      .00      .00   150.00
17.  1.0  57.876      .00    -3.00
18.  1.0  67.476      .00     2.00     4.00
1.  1.0  74.976     5.00    20.00      .00      .5000    -1.50
6.  1.0  74.976     6.50     8.00   101.84    21.0000
1.  1.0  83.759     8.00    20.00      .00      .5000     1.00
1.  1.0  92.542     9.00    20.00      .00      .5000     1.50
1.  1.0 101.844    10.00    23.00      .00      .5000     2.00
14.  1.0 110.874     1.00
6.  1.0 114.127     9.00     9.00   140.97    21.0000
1.  1.0 114.127     9.00    20.00      .00      .5000
1.  1.0 122.910     8.00    20.00      .00      .5000    -1.00
1.  1.0 131.693     9.00    20.00      .00      .5000
1.  1.0 140.970    10.00    21.00      .00      .5000     1.00
14.  1.0 150.000     1.00
3.  2.0  50.000
8.  2.0  50.000      .00      .00   150.00
17.  2.0  57.876      .00    -3.00
18.  2.0  67.476      .00     2.00     4.00
1.  2.0  74.976     5.00    20.00      .00      .5000    -1.50
6.  2.0  74.976     6.50     8.00   101.84    21.0000
1.  2.0  83.759     8.00    20.00      .00      .5000     1.00
1.  2.0  92.542     9.00    20.00      .00      .5000     1.50
1.  2.0 101.844    10.00    23.00      .00      .5000     2.00
14.  2.0 110.874     1.00
1.  2.0 114.127     9.00    20.00      .00      .5000
6.  2.0 114.127     9.00     9.00   140.97    21.0000
1.  2.0 122.910     8.00    20.00      .00      .5000    -1.00
1.  2.0 131.693     9.00    20.00      .00      .5000
1.  2.0 140.970    10.00    20.00      .00      .5000     1.00
14.  2.0 150.000     1.00
