99 Example: rhythm-fractup
99 Date:    Wed Aug 12 14:14:39 PDT 2009

1.  1.0  76.499     3.00    20.00      .00     7.0000
6.  1.0  76.499     3.00     3.00   134.90    21.0000
1.  1.0  91.098     1.00    20.00      .00     7.0000    -2.00
1.  1.0 105.697     3.00    20.00      .00     7.0000
1.  1.0 120.297     6.00    20.00      .00     7.0000     3.00
1.  1.0 134.896     5.00    20.00      .00     7.0000     2.00
8.  1.0  50.000      .00      .00   150.00
3.  1.0  51.500
17.  1.0  59.399      .00     3.00
18.  1.0  68.999      .00     3.00     4.00
1.  1.0  76.499     6.00    10.00      .00     5.0000     3.00
6.  1.0  76.499     9.00    13.00   139.07    11.0000
1.  1.0  86.927     8.00    10.00      .00     5.0000     1.67
1.  1.0  97.355    10.00    10.00      .00     5.0000      .33
1.  1.0 107.783    12.00    10.00      .00     5.0000    -1.00
1.  1.0 118.211    10.00    10.00      .00     5.0000     1.67
1.  1.0 128.639    12.00    10.00      .00     5.0000      .33
1.  1.0 139.067    13.00    10.00      .00     5.0000
14.  1.0 150.000     1.00
