99 Example layer-x3staff
99 Wed Aug 19 17:15:41 PDT 2009

8.  1.0  22.000      .00      .70   180.00
14.  1.0  22.000     2.00
14.  1.0  22.000     2.00     8.00
3.  1.0  23.750
17.  1.0  29.379      .00    -4.00      .00      .7500
2.  1.0  44.962      .00     2.00      .00      .2500
1.  1.0  52.906      .00    10.00      .00      .2500     5.50
1.  1.0  52.906     3.00      .00      .00      .2500
6.  1.0  52.906     5.50     5.50    61.65    12.0000
1.  1.0  52.906     5.00      .00      .00      .2500
1.  1.0  57.279      .00    10.00      .00      .2500     5.50
1.  1.0  57.279     3.00      .00      .00      .2500
1.  1.0  57.279     5.00      .00      .00      .2500
1.  1.0  61.652      .00    10.00      .00      .2500     5.50
1.  1.0  61.652     3.00      .00      .00      .2500
1.  1.0  61.652     5.00      .00      .00      .2500
3.  1.0  65.549   100.00     1.00
2.  1.0  71.166      .00     2.00      .00      .2500
1.  1.0  77.699     5.00      .00      .00      .2500
6.  1.0  77.699     5.50     5.50    93.53    22.0000
1.  1.0  77.699     7.00     3.00      .00      .2500
1.  1.0  77.699    11.00    20.00      .00      .2500     5.50
1.  1.0  85.585     5.00      .00      .00      .2500
1.  1.0  85.585     7.00      .00      .00      .2500
1.  1.0  85.585    11.00    20.00      .00      .2500     5.50
1.  1.0  93.530     5.00      .00      .00      .2500
1.  1.0  93.530     7.00      .00      .00      .2500
1.  1.0  93.530    11.00    20.00      .00      .2500     5.50
14.  1.0 101.667     2.00
1.  1.0 104.117     8.00      .00      .00      .5000     2.00
1.  1.0 104.117    10.00    20.00      .00      .5000     2.00     1.00
2.  1.0 109.900      .00     1.00      .00      .2500
1.  1.0 112.262    12.00    10.00      .00      .2500    -1.00     2.00
5.  1.0 112.262    19.02    18.27   128.20     2.0344    -4.00      .00      .00      .00      .00       .00       .00       .00      1.00      2.75      1.75
t  1.  112.262   21.625     1.000    1.000     .000     .000     .000     .000     .000
_02m.d.
1.  1.0 117.272    10.00    10.00      .00      .2500     1.00
6.  1.0 117.272    11.00    10.50   128.20    12.0000
2.  1.0 117.272    -2.00      .00      .00     1.0000
1.  1.0 120.915    12.00    10.00      .00      .2500    -1.17
1.  1.0 124.557    10.00    10.00      .00      .2500      .67
1.  1.0 128.199     8.00    10.00      .00      .2500     2.50
14.  1.0 133.187     2.00
1.  1.0 135.637    -2.00    20.00     1.00      .5000    -1.50      .00     -.50
5.  1.0 135.637     -.88    -1.38   142.24     -.9000      .00      .00      .00      .00      .00       .00       .00       .00      1.00      2.38      -.25
6.  1.0 135.637     6.50     5.50   149.52    22.0000      .00      .00      .00      .00      .00       .00     10.00
1.  1.0 135.637     8.00    20.00      .00      .2500     1.50      .00    10.00
1.  1.0 135.637     9.00    10.00      .00      .5000      .50      .00     -.50
6.  1.0 135.637     9.50     9.50   161.60    11.0000      .00      .00      .00      .00      .00       .00      -.50
1.  1.0 135.637    11.00      .00      .00      .5000      .00      .00     -.50
t  1.  137.637   19.000     1.000    1.000     .000     .000     .000     .000    -.945
_02cresc.
1.  1.0 142.115     7.00    23.93      .00      .2500      .88
5.  1.0 145.883    -1.63    -2.00   149.52     -.9000      .00      .00      .00      .00      .00       .00       .00       .00      1.00       .13
1.  1.0 145.883     7.00    20.00      .00      .2500     1.19
1.  1.0 145.883     9.00    10.00      .00      .5000      .50
1.  1.0 145.883    11.00      .00      .00      .5000
1.  1.0 149.525     6.00    20.00      .00      .2500      .50
5.  1.0 153.167    -2.00    -2.00   157.96     -.9000      .00      .00      .00      .00      .00       .00       .00       .00      1.00       .13      -.13
6.  1.0 153.167     5.50     5.50   166.43    22.0000
1.  1.0 153.167     6.00    20.00      .00      .2500      .50
1.  1.0 153.167     9.00    10.00      .00      .5000      .50
1.  1.0 153.167    11.00      .00      .00      .5000
1.  1.0 157.956     5.00    23.93      .00      .2500     -.50
5.  1.0 161.598    -2.00    -2.00   166.43     -.9000      .00      .00      .00      .00      .00       .00       .00       .00      1.00       .25      -.13
1.  1.0 161.598     5.00    20.00      .00      .2500     -.50
1.  1.0 161.598     7.00    10.00      .00      .5000     2.50
1.  1.0 161.598     9.00      .00      .00      .5000
1.  1.0 161.598    11.00      .00      .00      .5000
1.  1.0 166.433     5.00    21.93      .00      .2500     -.50
14.  1.0 170.796     2.00
1.  1.0 173.871     5.00    10.00      .00      .5000     4.00     1.00
1.  1.0 173.871     8.00      .00      .00      .5000
1.  1.0 173.871    10.00      .00      .00      .5000
1.  1.0 173.871     1.00    20.00      .00      .5000      .00     1.00
14.  1.0 180.000    -2.00
8.  2.0  22.000    -3.00      .70   180.00
3.  2.0  23.750
17.  2.0  28.379      .00    -4.00      .00      .7600
5.  2.0  36.861     5.75     7.75    42.37     -.8000    -1.00      .00      .00      .00      .00       .50
1.  2.0  37.236   107.00    13.00      .00    65.0000     3.63
6.  2.0  37.236   109.18    10.16    42.37    13.0000
1.  2.0  39.411   108.00    10.00      .00    65.0000     2.65
1.  2.0  42.372   109.00    13.00      .00    65.0000     1.93
6.  2.0  44.962     7.00     7.00    52.91    22.0000      .00      .00    21.00    44.96    49.64
1.  2.0  44.962     8.00    20.00      .00      .1250     1.00
5.  2.0  44.962    11.75     9.75    49.64     1.0238    -1.00
1.  2.0  49.640     7.00    21.00      .00      .1250      .00
1.  2.0  52.906    12.00    20.00      .00      .2500     5.00
5.  2.0  52.906    13.50    13.50    57.28      .7500    -1.00      .00      .00      .00      .00       .60       .00       .00      1.00      1.75       .50
5.  2.0  56.779    14.00     6.00    96.30     4.0000    -1.00      .00      .60      .00      .00       .00       .00       .00      1.00      2.00      2.00
6.  2.0  57.279    10.00     9.00    66.41    22.0000      .00      .00    21.00    61.65    66.41
1.  2.0  57.279    12.00    20.00      .00      .2500     2.00
1.  2.0  61.652    11.00    20.00      .00      .1250     1.48
1.  2.0  66.409    10.00    20.00      .00      .1250     1.00
1.  2.0  71.166     9.00    20.00      .00      .1250     2.50
6.  2.0  71.166     6.50     3.50    96.80    23.0000
1.  2.0  74.432     8.00    20.00      .00      .1250     1.88
1.  2.0  77.699     7.00    20.00      .00      .1250     1.26
1.  2.0  82.319     6.00    23.00      .00      .1250      .81
1.  2.0  85.585     8.00    20.00      .00      .1250     3.19
1.  2.0  88.852     7.00    20.00      .00      .1250     2.57
1.  2.0  93.530     6.00    21.00      .00      .1250     2.12
1.  2.0  96.797     4.00    20.00      .00      .1250      .50
1.  2.0 104.117     3.00    10.00      .00      .5000      .00     1.00
2.  2.0 109.900      .00     2.00      .00      .5000
2.  2.0 117.272      .00      .00    -1.00     1.0000
2.  2.0 135.637      .00    -1.00    -1.00     2.0000
2.  2.0 173.871     1.00     1.00    -1.00      .5000
