99 Example layer-lhrh3
99 Thu Aug 20 17:53:16 PDT 2009

8.  1.0    .000      .00      .70   200.00
14.  1.0    .000     2.00     8.00
14.  1.0    .000     2.00
3.  1.0   1.200      .00     1.00
17.  1.0   5.929      .00    -3.00     1.00      .8000
9.  1.0   9.589    -8.00    56.00     1.00
1.  1.0  12.589    -4.00    10.00      .00      .1250     6.00
6.  1.0  12.589     2.00     4.00    22.97    13.0000
1.  1.0  16.110    -2.00    10.00      .00      .1250     4.68
1.  1.0  19.632     1.00    10.00      .00      .1250     2.36
1.  1.0  22.968     3.00    10.00      .00      .1250     1.00
6.  1.0  26.568     4.50     6.50    36.58    23.0000
1.  1.0  26.568     5.00    20.00      .00      .1250      .50
1.  1.0  29.904     8.00    20.00      .00      .1250     2.83
1.  1.0  33.240    10.00    20.00      .00      .1250     4.17
1.  1.0  36.576     9.00    20.00      .00      .1250     2.50
14.  1.0  40.055     2.00
6.  1.0  42.335     8.00     7.50    52.88    21.0000
1.  1.0  42.335     8.00    20.00      .00      .5000      .00
5.  1.0  42.335    10.00    10.00    52.88     1.7500    -1.00
1.  1.0  52.880     7.00    20.00      .00      .5000     -.50
14.  1.0  83.185     2.00
9.  1.0 106.557    -8.00    56.00     1.00      .0000      .00      .00      .00      .00      .00       .00       .00     -3.25
1.  1.0 106.557    -4.00    10.00      .00      .1250     6.00
6.  1.0 106.557     2.00     4.00   116.94    13.0000
1.  1.0 110.078    -2.00    10.00      .00      .1250     4.68
1.  1.0 113.600     1.00    10.00      .00      .1250     2.36
1.  1.0 116.936     3.00    10.00      .00      .1250     1.00
6.  1.0 120.536     4.50     6.50   130.54    23.0000
1.  1.0 120.536     5.00    20.00      .00      .1250      .50
1.  1.0 123.872     8.00    20.00      .00      .1250     2.83
1.  1.0 127.208    10.00    20.00      .00      .1250     4.17
1.  1.0 130.544     9.00    20.00      .00      .1250     2.50
14.  1.0 134.023     2.00
1.  1.0 136.303     8.00    20.00      .00      .5000      .00
6.  1.0 136.303     8.00     7.50   146.85    21.0000
5.  1.0 136.303    10.00    10.00   146.85     1.7500    -1.00
1.  1.0 146.848     7.00    20.00      .00      .5000     -.50
1.  1.0 157.208     9.00    10.00      .00      .2500     2.50
1.  1.0 157.208    11.00      .00      .00      .2500      .00      .00    10.00
6.  1.0 157.208    11.50    11.50   172.47    12.0000
1.  1.0 157.208    12.00     3.00      .00      .2500
1.  1.0 162.296     9.00    10.00      .00      .2500     2.50
1.  1.0 162.296    11.00      .00      .00      .2500      .00      .00    10.00
1.  1.0 162.296    12.00      .00      .00      .2500
1.  1.0 167.383     9.00    10.00      .00      .2500     2.50
1.  1.0 167.383    11.00      .00      .00      .2500      .00      .00    10.00
1.  1.0 167.383    12.00      .00      .00      .2500
1.  1.0 172.470     9.00    10.00      .00      .2500     2.50
1.  1.0 172.470    11.00      .00      .00      .2500      .00      .00    10.00
1.  1.0 172.470    12.00      .00      .00      .2500
14.  1.0 177.700     2.00
1.  1.0 180.460     9.00    10.00      .00      .2500     3.50
1.  1.0 180.460    10.00      .00      .00      .2500      .00      .00    10.00
1.  1.0 180.460    12.00     3.00      .00      .2500
6.  1.0 180.460    12.50    12.50   195.32    12.0000
1.  1.0 185.547     9.00    10.00      .00      .2500     3.50
1.  1.0 185.547    10.00      .00      .00      .2500      .00      .00    10.00
1.  1.0 185.547    12.00      .00      .00      .2500
1.  1.0 190.635     8.00    10.00      .00      .2500     4.50
1.  1.0 190.635    10.00      .00      .00      .2500
1.  1.0 190.635    13.00      .00      .00      .2500
1.  1.0 195.317     8.00    10.00      .00      .2500     4.50
1.  1.0 195.317    10.00      .00      .00      .2500
1.  1.0 195.317    13.00      .00      .00      .2500
14.  1.0 200.000    -2.00
8.  2.0    .000    -8.00      .70   200.00
3.  2.0   1.200
17.  2.0   5.929      .00    -3.00      .00      .8000
2.  2.0  12.589      .00     2.00      .00      .2500
6.  2.0  19.632      .00      .00    33.24    12.0000
1.  2.0  19.632      .00    10.00      .00      .2500      .00
1.  2.0  26.568      .00    10.00      .00      .2500      .00
1.  2.0  33.240      .00    10.00      .00      .2500      .00
1.  2.0  42.335    -1.00    10.00      .00      .2500     1.00
1.  2.0  42.335      .00      .00      .00      .2500      .00      .00    10.00
6.  2.0  42.335      .00      .00    58.15    12.0000
1.  2.0  47.607    -1.00    10.00      .00      .2500     1.00
1.  2.0  47.607      .00      .00      .00      .2500      .00      .00    10.00
1.  2.0  52.880    -1.00    10.00      .00      .2500     1.00
1.  2.0  52.880      .00      .00      .00      .2500      .00      .00    10.00
1.  2.0  58.153    -1.00    10.00      .00      .2500     1.00
1.  2.0  58.153      .00      .00      .00      .2500      .00      .00    10.00
1.  2.0  63.426    -2.00    10.00      .00      .2500     1.50
1.  2.0  63.426      .00      .00      .00      .2500
2.  1.0  63.426    22.00     1.00      .00      .5000      .00      .00      .00      .00     1.00
6.  2.0  63.426     -.50     -.50    78.36    12.0000
1.  2.0  68.295    -2.00    10.00      .00      .2500     1.50
1.  2.0  68.295      .00      .00      .00      .2500
9.  2.0  73.163    14.00    53.00     1.00      .0000      .00      .00      .00      .00      .00       .00       .00     -1.00
t  2.   72.163   18.000     1.000    1.000     .000     .000     .000     .000     .000
_02m.g.
1.  2.0  73.163    -2.00    10.00      .00      .2500     1.50
1.  2.0  73.163      .00      .00      .00      .2500
1.  1.0  73.163    10.00    10.00      .00      .5000    -1.00     1.00      .00      .00     1.00
1.  2.0  78.360    -2.00    10.00      .00      .2500     1.50
1.  2.0  78.360      .00      .00      .00      .2500
1.  2.0  85.465    -1.00    10.00      .00      .2500     1.00
1.  2.0  85.465      .00      .00      .00      .2500      .00      .00    10.00
6.  2.0  85.465     8.50     8.00    96.01    11.0000
1.  1.0  85.465    10.00    10.00      .00      .5000    -1.50      .00      .00      .00     1.00
5.  2.0  85.465    18.00    17.00    96.01     1.6020    -4.00
1.  2.0  90.738    -1.00    10.00      .00      .2500     1.00
1.  2.0  90.738      .00      .00      .00      .2500      .00      .00    10.00
1.  2.0  96.011    -1.00    10.00      .00      .2500     1.00
1.  2.0  96.011      .00      .00      .00      .2500      .00      .00    10.00
1.  1.0  96.011     9.00    10.00      .00      .5000    -1.00      .00      .00      .00     1.00
1.  2.0 101.284    -1.00    10.00      .00      .2500     1.00
1.  2.0 101.284      .00      .00      .00      .2500      .00      .00    10.00
1.  2.0 106.557    -2.00    10.00      .00      .2500     2.00
1.  2.0 106.557      .00      .00      .00      .2500
6.  2.0 106.557      .00      .00   127.21    12.0000
1.  2.0 113.600    -2.00    10.00      .00      .2500     2.00
1.  2.0 113.600      .00      .00      .00      .2500
1.  2.0 120.536    -2.00    10.00      .00      .2500     2.00
1.  2.0 120.536      .00      .00      .00      .2500
1.  2.0 127.208    -2.00    10.00      .00      .2500     2.00
1.  2.0 127.208      .00      .00      .00      .2500
1.  2.0 136.303    -1.00    10.00      .00      .2500     1.00
1.  2.0 136.303      .00      .00      .00      .2500      .00      .00    10.00
6.  2.0 136.303      .00      .00   152.12    12.0000
1.  2.0 141.575    -1.00    10.00      .00      .2500     1.00
1.  2.0 141.575      .00      .00      .00      .2500      .00      .00    10.00
1.  2.0 146.848    -1.00    10.00      .00      .2500     1.00
1.  2.0 146.848      .00      .00      .00      .2500      .00      .00    10.00
1.  2.0 152.121    -1.00    10.00      .00      .2500     1.00
1.  2.0 152.121      .00      .00      .00      .2500      .00      .00    10.00
2.  2.0 157.208      .00     1.00      .00      .5000
9.  2.0 166.011    13.00    53.00
t  2.  166.261   17.000     1.000    1.000     .000     .000     .000     .000     .000
_02m.g.
1.  2.0 167.383     9.00    10.00      .00      .5000     -.50     1.00
6.  2.0 180.460     8.00     8.50   190.63    11.0000
1.  2.0 180.460     9.00    10.00      .00      .5000    -1.00
5.  2.0 180.460    16.15    16.65   190.63     1.5087    -4.00
1.  2.0 190.635    10.00    10.00      .00      .5000    -1.50
6.  2.0  85.465      .00      .00   101.28    12.0000
