99 Example beam-grace
99 Fri Aug 14 13:23:38 PDT 2009
99 Staff 1 contains subexample A
99 Staff 2 contains subexample B

8.  1.0    .000      .00      .00    60.00
3.  1.0   1.500
17.  1.0  10.167      .00     1.00
1.  1.0  19.833     9.00    20.00      .00      .5000     -.50
6.  1.0  19.833     9.50     7.50    50.67    21.0000
1.  1.0  25.969   110.00    10.00      .00    65.0000   100.00     1.00
1.  1.0  30.769     9.00    20.00      .00      .5000      .18
1.  1.0  37.981   108.00    12.00      .00    65.0000   100.00     1.00
1.  1.0  42.781     9.00    20.00      .00      .5000      .87
1.  1.0  50.665     7.00    20.00      .00      .5000     -.50
14.  1.0  60.000    -1.00
8.  2.0    .000      .00      .00    60.00
3.  2.0   1.500
5.  2.0  10.898    12.06    12.06    17.25     -.6000    -1.00      .00      .00      .00      .00       .50
1.  2.0  11.167   113.00    10.00      .00    65.0000     1.17
6.  2.0  11.167   113.70    14.18    15.17    12.0000
1.  2.0  15.167   114.00    10.00      .00    65.0000      .30
6.  2.0  19.700    12.00    12.00    47.83    21.0000
1.  2.0  19.700    13.00    20.00      .00      .5000     1.00
1.  2.0  32.177    12.00    22.00      .00      .5000
5.  2.0  39.190    12.06    12.06    45.41     -.6000    -1.00      .00      .00      .00      .00       .50
1.  2.0  39.300   113.00    10.00      .00    65.0000     1.17
6.  2.0  39.300   113.70    14.18    43.30    12.0000
1.  2.0  43.300   114.00    10.00      .00    65.0000      .30
1.  2.0  47.833    13.00    20.00      .00      .5000     1.00
14.  2.0  60.000    -1.00
