99 Example layer-xchord
99 Fri Sep 18 11:50:04 PDT 2009

8.  1.0  25.000      .00      .90   175.00
14.  1.0  25.000     2.00
14.  1.0  25.000     2.00     8.00
3.  1.0  27.583      .00     1.00
17.  1.0  34.933      .00    -1.00     1.00
1.  1.0  39.537     6.00      .00      .00     1.0000
1.  1.0  39.537    13.00    20.00      .00     1.0000     6.50
2.  1.0  54.230      .00     1.00      .00      .3333
1.  1.0  58.945    13.00    20.00      .00      .3333     -.50
6.  1.0  58.945    13.50    14.00    64.57    21.0000
5.  1.0  58.945    15.00    17.00    64.57     1.3728    -1.00
1.  1.0  64.567    15.00    20.00      .00      .3333     1.00
6.  1.0  72.627    13.50     9.50    84.86    11.0000
1.  1.0  72.627    16.00    10.00      .00      .3333    -2.50
5.  1.0  72.627    21.25    17.50    78.48     1.3470    -4.00      .00      .00      .00      .00       .00       .00       .00      1.00      3.00      8.50
1.  1.0  78.478    14.00    10.00      .00      .3333    -2.41
1.  1.0  84.861    12.00    13.94      .00      .3333    -2.50
14.  1.0  91.313     2.00
1.  1.0  94.559     6.00      .00      .00     1.0000
1.  1.0  94.559    13.00    20.00      .00     1.0000     6.50
2.  1.0 107.694      .00     1.00      .00      .3333
9.  1.0 112.409    -2.75    53.00     1.00      .0000      .00      .00      .00      .00      .00       .00       .00     -1.25
6.  1.0 112.409     7.50     7.00   117.31    21.0000
1.  1.0 112.409     8.00    20.00      .00      .3333      .50
5.  1.0 112.409    10.00     8.00   117.31     1.3470    -1.00
1.  1.0 117.307     6.00    20.00      .00      .3333    -1.00
1.  1.0 126.652    10.00    20.00      .00     1.0000
14.  1.0 143.854     2.00
5.  1.0 147.949    -2.20    -2.20   158.66    -1.2500    -2.00
1.  1.0 147.949    -1.00    20.00     1.00     2.0000    -1.50
1.  1.0 158.658    -1.00    20.00      .00      .5000    -1.00     1.00
2.  1.0 164.406      .00     2.00      .00      .2500      .00      .00     2.00
14.  1.0 175.000     2.00     3.00
8.  2.0  25.000      .25      .90   175.00
3.  2.0  27.583
5.  2.0  31.315    13.50    14.00    49.33     1.6265    -2.00      .00      .00      .00      .00       .00       .00       .00      1.00      3.50       .75
17.  2.0  34.933      .00    -1.00
1.  2.0  39.537     8.00    20.00      .00      .3333    -1.00
6.  2.0  39.537     9.00    10.00    49.33    21.0000
1.  2.0  44.435    10.00    20.00      .00      .3333      .50
1.  2.0  49.332    12.00    20.00      .00      .3333     2.00
6.  2.0  54.230    10.00    10.00    69.96    21.0000      .00      .00    12.00    65.75    69.96
1.  2.0  54.230    12.00    20.00      .00      .7500     2.00    10.00      .00    20.00      .00       .00      1.50
5.  2.0  54.230    14.00    14.00    69.96     1.5910    -1.00
1.  2.0  65.752    11.00    22.00      .00      .1250     1.00
1.  2.0  69.956    12.00    20.00      .00      .1250     2.00
2.  2.0  72.627      .00     1.00      .00      .3333
6.  2.0  78.478    10.00     9.50    84.86    21.0000
1.  2.0  78.478    11.00    23.00      .00      .3333     1.00
5.  2.0  78.478    13.00    12.00    84.86     1.2632    -1.00
1.  2.0  84.861     9.00    20.00      .00      .3333     -.50
6.  2.0  94.559     7.50     6.50   102.80    21.0000
1.  2.0  94.559     8.00    20.00      .00      .3333      .50
5.  2.0  94.559    10.00     9.75   102.80     2.0000    -1.00      .00      .00      .00      .00       .00       .00       .00      1.00      1.00      2.00
1.  2.0  99.457    10.00    20.00      .00      .3333     3.09
1.  2.0 102.797     5.00    20.00      .00      .3333    -1.50
5.  2.0 107.694     2.00     2.00   122.56    -1.5910    -1.00
1.  2.0 107.694     5.00    10.00      .00      .7500      .00    10.00      .00    20.00
6.  2.0 107.694     5.00     5.00   122.56    11.0000      .00      .00    12.00   118.36   122.56
1.  2.0 118.361     4.00    10.00      .00      .1250     1.00
1.  2.0 122.565     5.00    10.00      .00      .1250      .00
2.  2.0 126.652      .00     1.00      .00      .3333
9.  2.0 132.503    -2.00    53.00     1.00
6.  2.0 132.503     2.50     2.00   137.40    11.0000
1.  2.0 132.503     4.00    13.00      .00      .3333    -1.50
5.  2.0 132.503    10.13     9.50   137.40      .6127    -1.00      .00      .00      .00      .00       .00       .00       .00      1.00      2.63      2.38
1.  2.0 137.401     2.00      .00      .00      .3333
1.  2.0 137.401     9.00    10.00      .00      .3333    13.25      .00      .00      .00     2.00
1.  2.0 137.401    12.00     3.00      .00      .3333    10.00      .00      .00      .00     2.00
1.  2.0 147.949     2.00      .00     1.00     2.0000
1.  2.0 147.949     9.00    10.00     1.00     2.0000    12.50      .00      .00      .00     2.00
1.  2.0 147.949    12.00     3.00     1.00     2.0000    10.00      .00      .00      .00     2.00
5.  2.0 147.949     5.88     3.50   158.66     1.2294    -1.00      .00      .00      .00      .00       .00       .00       .00      1.00      3.25      1.38
1.  2.0 158.658     1.00      .00      .00      .5000     8.00
1.  2.0 158.658     8.00      .00      .00      .5000      .00      .00      .00      .00     2.00
1.  2.0 158.658    10.00      .00      .00      .5000      .00      .00      .00      .00     2.00
2.  2.0 164.406      .00     2.00      .00      .2500      .00      .00     2.00
1.  2.0 158.658     8.00    10.00      .00      .5000    14.00     1.00      .00      .00     2.00
