99 Example chord-bidur
99 Mon Sep 21 17:55:16 PDT 2009

8.  1.0    .000      .00      .90   200.00
14.  1.0    .000     2.00
14.  1.0    .000     2.00     8.00
3.  1.0   2.583      .00     1.00
17.  1.0  10.383      .00     2.00     1.00
18.  1.0  16.644      .00    98.00     1.00
14.  1.0  24.570     2.00     4.00
1.  1.0  31.064    -3.00    10.00      .00     1.0000     3.00
2.  1.0  37.201      .00      .00      .00     1.0000      .00      .00     1.00
14.  1.0  44.960     2.00
1.  1.0  48.184     7.00    20.00      .00      .2500     -.50
6.  1.0  48.184     7.50    10.00    61.75    22.0000
5.  1.0  48.184    10.00    16.00    83.30     3.9286    -1.00      .00      .40
1.  1.0  52.597     9.00    20.00      .00      .2500      .67
1.  1.0  57.009    11.00    20.00      .00      .2500     1.83
1.  1.0  61.745    14.00    20.00      .00      .2500     4.00
1.  1.0  67.134    13.00    20.00      .00      .2500     -.50
6.  1.0  67.134    13.50    13.50    83.30    22.0000
1.  1.0  72.523    14.00    20.00      .00      .2500      .50
1.  1.0  77.912    13.00    20.00      .00      .2500     -.50
1.  1.0  83.300    14.00    20.00      .00      .2500      .50
1.  1.0  87.059     5.00    20.00      .00      .2500     -.50
6.  1.0  87.059     5.50     8.00   100.30    22.0000
5.  1.0  87.059    10.00    14.00   120.15     2.9546    -1.00      .00      .45
1.  1.0  91.471     7.00    20.00      .00      .2500      .67
1.  1.0  95.884     9.00    20.00      .00      .2500     1.83
1.  1.0 100.296    12.00    20.00      .00      .2500     4.00
1.  1.0 106.913    11.00    22.00      .00      .2500     -.50
6.  1.0 106.913    11.50    11.50   120.15    22.0000
1.  1.0 111.326    12.00    20.00      .00      .2500      .50
1.  1.0 115.738    11.00    20.00      .00      .2500     -.50
1.  1.0 120.151    12.00    20.00      .00      .2500      .50
14.  1.0 124.561     2.00
1.  1.0 127.785     3.00    20.00      .00      .2500      .00      .00      .00      .00
6.  1.0 127.785     3.00     5.00   141.02    22.0000
5.  1.0 127.785    10.20    12.20   158.67     2.8444    -1.00      .00      .45
1.  1.0 132.197     5.00    20.00      .00      .2500     1.33      .00      .00      .00
1.  1.0 136.610     8.00    20.00      .00      .2500     3.67      .00      .00      .00
1.  1.0 141.023    10.00    20.00      .00      .2500     5.00      .00      .00      .00
1.  1.0 145.435     9.00    20.00      .00      .2500     -.50
6.  1.0 145.435     9.50     9.50   158.67    22.0000
1.  1.0 149.848    10.00    20.00      .00      .2500      .50
1.  1.0 154.260     9.00    20.00      .00      .2500     -.50
1.  1.0 158.673    10.00    20.00      .00      .2500      .50
1.  1.0 162.567     4.00    20.00      .00      .2500     -.50
6.  1.0 162.567     4.50     7.00   175.77    22.0000
5.  1.0 162.567    10.00    13.00   195.57     3.0503    -1.00      .00      .45
1.  1.0 166.968     6.00    20.00      .00      .2500      .67
1.  1.0 171.369     8.00    20.00      .00      .2500     1.83
1.  1.0 175.770    11.00    20.00      .00      .2500     4.00
6.  1.0 182.369    10.00    10.00   195.57    22.0000
1.  1.0 182.369    10.00    22.00      .00      .2500
1.  1.0 186.770    11.00    20.00      .00      .2500     1.00
1.  1.0 191.171    10.00    20.00      .00      .2500
1.  1.0 195.572    11.00    20.00      .00      .2500     1.00
14.  1.0 200.000     2.00
8.  2.0    .000    -2.00      .90   200.00
3.  2.0   2.583
17.  2.0  10.383      .00     2.00
18.  2.0  16.644      .00    98.00     1.00
2.  2.0  31.064      .00      .00      .00     1.0000
9.  2.0  37.201    -3.00    56.00     1.00
1.  2.0  37.201     6.00    10.00      .00     1.0000
4.  2.0  46.769     3.00     9.00      .00    -1.0000
1.  2.0  48.184     4.00    10.00      .00     2.0000     4.00
1.  2.0  48.184     6.00      .00      .00     2.0000
1.  2.0  48.184     9.00      .00     1.00     2.0000
1.  2.0  87.059     9.00      .00      .00     1.0000
1.  2.0  87.059    11.00    20.00      .00     1.0000     2.00
1.  2.0 106.913     4.00    10.00      .00     1.0000     4.00
1.  2.0 106.913     9.00      .00      .00     1.0000
1.  2.0 127.785     7.00      .00      .00     1.5000      .00    10.00
1.  2.0 127.785    12.00    20.00      .00     1.5000     5.00    10.00
5.  2.0 127.785    14.00    12.00   154.26     2.4140    -1.00
1.  2.0 154.260    10.00    20.00      .00      .5000      .00     1.00
1.  2.0 162.567     8.00    20.00      .00     1.0000      .00      .00      .00     7.00
1.  2.0 182.369     6.00    10.00      .00     1.0000      .00      .00      .00     7.00
