99 Example: staff-keytime
99 Date: Tue Aug 18 14:50:31 PDT 2009

8.  1.0    .000      .00      .00   200.00
3.  1.0   1.501
18.  1.0   9.000      .00     2.00     4.00
t  1.   11.021   15.250     1.000    1.000     .000     .000     .000     .000   -1.350
_00[ = 104
17.  1.0  16.500      .00    -2.00
9.  1.0  23.799    -2.50    53.00     1.00
1.  1.0  23.799     7.00    20.00      .00     1.0000     -.50
1.  1.0  32.517     6.00    10.00      .00     1.0000
14.  1.0  42.237     1.00
1.  1.0  45.336     7.00    20.00      .00      .5000     -.50
6.  1.0  45.336     7.50     8.00    51.75    21.0000
5.  1.0  45.336    10.00    12.00    58.16     1.7188    -1.00
1.  1.0  51.749     8.00    20.00      .00      .5000
1.  1.0  58.162     9.00    20.00      .00     1.0000
t  1.   60.585   -3.250     1.000    1.000     .000     .000     .000     .000   -1.350
_02fine.
14.  1.0  69.046     1.00     3.00
1.  1.0  72.145    10.00    20.00      .00     1.0000
1.  1.0  80.862     9.00    20.00      .00     1.0000
5.  1.0  80.862    12.00    14.00   111.06     2.5563    -1.00
14.  1.0  90.462     1.00     1.00
18.  1.0  91.962      .00     3.00     4.00
6.  1.0  99.462     9.50    10.00   111.06    21.0000     3.00      .00    11.00      .00   106.56
1.  1.0  99.462    10.00    20.00      .00      .5000      .50    10.00
1.  1.0 106.557    11.00    20.00      .00      .1667     1.19
1.  1.0 111.057    12.00    20.00      .00      .3333     2.00
4.  1.0 117.557    -4.00   999.00   150.21
1.  1.0 117.557    13.00    21.00      .00      .5000     -.50      .00      .00     7.00
6.  1.0 117.557    13.50    13.00   123.97    21.0000
1.  1.0 123.970    12.00    20.00      .00      .5000    -1.00      .00      .00     7.00
1.  1.0 130.384    11.00    20.00      .00     1.0000
14.  1.0 139.983     1.00     1.00
17.  1.0 142.483      .00    -3.00
9.  1.0 152.583    -5.00    55.00     1.00
6.  1.0 152.583    10.00     9.50   164.18    21.0000     3.00      .00    11.00      .00   159.68
1.  1.0 152.583    11.00    20.00      .00      .5000     1.00    10.00      .00     5.00
1.  1.0 159.679    10.00    20.00      .00      .1667      .31
1.  1.0 164.179     9.00    20.00      .00      .3333     -.50
6.  1.0 169.619     9.50    10.00   179.37    21.0000      .00      .00    11.00   169.62   174.50
1.  1.0 169.619    10.00    20.00      .00      .2500      .50
1.  1.0 174.496    11.00    20.00      .00      .2500     1.25
1.  1.0 179.373    12.00    20.00      .00      .5000     2.00
6.  1.0 185.787    10.00     9.50   192.20    21.0000
1.  1.0 185.787    11.00    20.00      .00      .5000     1.00
t  1.  188.090   -7.250     1.000    1.000     .000     .000     .000     .000   -1.350
_02al fine
t  1.  190.007   -2.750     1.000    1.000     .000     .000     .000     .000   -1.350
_02D.C.
1.  1.0 192.200     9.00    20.00      .00      .5000     -.50
14.  1.0 200.000     1.00     2.00
