99 Example ornament-turn
99 Wed Aug 19 15:38:41 PDT 2009

8.  1.0  30.000      .00      .80   170.00
14.  1.0  30.000     2.00     8.00
14.  1.0  30.000     2.00
3.  1.0  32.000
17.  1.0  38.533      .00    -1.00
1.  1.0  46.167     4.00    10.00      .00      .5000     2.00     1.00
1.  1.0  46.167     6.00      .00      .00      .5000
2.  1.0  52.801      .00     1.00      .00      .5000
2.  1.0  58.069      .00      .00      .00     1.0000
1.  1.0  86.950     1.00    10.00      .00     1.0000     6.00
1.  1.0  86.950     3.00      .00      .00     1.0000
1.  1.0  86.950     5.00      .00      .00     1.0000
1.  1.0  86.950     7.00      .00      .00     1.0000
14.  1.0 125.092     2.00
1.  1.0 127.892     4.00    20.00     1.00     3.0000    -1.50    10.00
1.  1.0 127.892     7.00    10.00      .00     1.0000    -1.00
5.  1.0 127.892    12.25    14.25   150.53     2.0000    -4.00      .00      .00      .00      .00       .00       .00       .00      1.00      3.00      1.50
1.  1.0 135.811     8.00    10.00      .00     1.0000    -1.00      .00    10.00
1.  1.0 150.533     9.00    11.00      .00     1.0000    -1.50
14.  1.0 170.000     2.00
8.  2.0  30.000    -4.00      .80   170.00
3.  2.0  32.000
17.  2.0  38.533      .00    -1.00
1.  2.0  46.167    11.00    20.00      .00      .5000      .00     1.00
2.  2.0  52.801      .00     1.00      .00      .5000
9.  2.0  56.468    -4.00    52.00     1.00
6.  2.0  58.069     6.50     9.50    82.27    22.0000      .00      .00    21.00    62.47    82.27
1.  2.0  58.069     8.00    20.00      .00      .2500     1.50
9.  2.0  58.069    11.88     8.00      .15      .1300      .00      .00      .00      .00      .00       .00       .00      1.88
9.  2.0  58.069    14.00    75.00      .35      .0000      .00      .00      .00      .00      .00       .00       .00       .25
1.  2.0  62.466     9.00    20.00      .00      .1250     1.90      .00      .00     7.00
5.  2.0  62.466    13.50    17.50    82.27     1.9677    -1.00
1.  2.0  66.170    10.00    20.00      .00      .1250     2.44      .00      .00     7.00
1.  2.0  69.873    11.00    20.00      .00      .1250     2.99      .00      .00     7.00
1.  2.0  73.577    12.00    20.00      .00      .1250     3.53      .00      .00     7.00
1.  2.0  77.590    13.00    20.00      .00      .1250     4.08      .00      .00     7.00
1.  2.0  82.270    14.00    20.00      .00      .1250     4.50      .00      .00     7.00
6.  2.0  86.950    11.00    11.00   119.53    23.0000
1.  2.0  86.950    15.00    20.00      .00      .1250     4.00
5.  2.0  86.950    17.00    14.00   119.53     3.0000    -1.00      .00      .55
1.  2.0  92.457    14.00    23.00      .00      .1250     3.00
1.  2.0  97.136    15.00    20.00      .00      .1250     4.00
1.  2.0 101.816    16.00    20.00      .00      .1250     5.00
1.  2.0 106.496    15.00    20.00      .00      .1250     4.00
1.  2.0 111.176    14.00    20.00      .00      .1250     3.00
1.  2.0 115.856    13.00    20.00      .00      .1250     2.00
1.  2.0 119.526    12.00    20.00      .00      .1250     1.00
1.  2.0 127.892    12.00    20.00      .00     1.5000      .00    10.00
5.  2.0 127.892    13.00    13.00   139.94     1.5000    -3.00      .00      .00      .00      .00       .00       .00       .00      1.00      3.00      -.50
4.  2.0 139.940     -.50   999.00   149.89     1.5000
6.  2.0 139.940    10.00    11.00   145.85    22.0000      .00      .00    21.00      .00   145.85
1.  2.0 139.940    12.00    20.00      .00      .3750     2.00    10.97
9.  2.0 139.940    13.88     7.00      .15      .1300      .00      .00      .00      .00      .00       .00       .00      5.00
5.  2.0 139.940    16.25    12.00   164.36     3.5000    -1.00      .00      .45
9.  2.0 139.940    16.25    75.00      .35      .0000      .00      .00      .00      .00      .00       .00       .00      3.50
1.  2.0 145.853    13.00    20.00      .00      .1250     2.00
6.  2.0 150.533    12.00     9.50   164.36    22.0000
1.  2.0 150.533    15.00    20.00      .00      .2500     3.00
4.  2.0 151.020     -.50   999.00   166.57    -1.5000
1.  2.0 155.603    14.00    20.00      .00      .2500     2.87
1.  2.0 159.966    12.00    20.00      .00      .2500     1.69
1.  2.0 164.363    10.00    20.00      .00      .2500      .50
