99 Example chord-artic
99 Fri Aug 21 16:57:39 PDT 2009

8.  1.0  60.000      .00      .00   140.00
3.  1.0  61.500
1.  1.0  76.500     1.00    10.00      .00     1.0000      .00      .00      .00     7.00
1.  1.0  93.125     3.00    10.00      .00     1.0000      .00      .00      .00     7.00
1.  1.0 109.750     5.00    10.00      .00     1.0000      .00      .00      .00     7.00
1.  1.0 126.375     1.00    10.00      .00     1.0000     4.00      .00      .00     7.00
1.  1.0 126.375     3.00      .00      .00     1.0000
1.  1.0 126.375     5.00      .00      .00     1.0000
14.  1.0 140.000    -1.00
