99 Example layer-xtie
99 Tue Aug 18 16:37:00 PDT 2009

8.  1.0  50.000      .00      .00   150.00
3.  1.0  51.500
1.  1.0  63.351     7.00    21.00      .00      .3333    -1.00
1.  1.0  63.351     7.00    11.00      .00      .3333     1.25
6.  1.0  63.351     8.00     7.50    76.92    21.0000
6.  1.0  63.351     8.25     8.25    76.92    11.0000     3.00      .00      .00      .00      .00       .00       .00       .00       .50
1.  1.0  70.133    10.00    10.00      .00      .3333    -1.75
1.  1.0  76.916     6.00    20.00      .00      .3333    -1.50
1.  1.0  76.916     9.00    10.00      .00      .3333     -.75
5.  1.0  85.466     3.65     3.65   108.56    -2.0000    -2.00
1.  1.0  86.216     5.00    12.24     1.00     2.0000     2.00
1.  1.0  86.216     7.00     3.00     1.00     2.0000
5.  1.0  85.466     8.15     8.15   108.56     2.0000    -2.00
14.  1.0 105.124     1.00
5.  1.0 107.500     3.65     3.65   131.85    -2.0000    -2.00
1.  1.0 108.565     5.00    20.00     1.00     2.0000    -1.00
1.  1.0 108.565     7.00    10.00      .00      .7500      .00    10.00
6.  1.0 108.565     7.00     7.50   119.40    11.0000      .00      .00    11.00      .00   119.40
1.  1.0 119.402     8.00    10.00      .00      .2500     -.50
1.  1.0 125.176     9.00    10.00      .00     1.5000    -1.00    10.00
1.  1.0 132.248     5.00    20.00      .00      .5000    -1.50
6.  1.0 132.248     6.50     7.00   141.25    21.0000
1.  1.0 141.248     6.00    10.00      .00      .5000      .00     1.00
1.  1.0 141.248     6.00    20.00      .00      .5000    -1.00
14.  1.0 150.000     1.00
