99 Example beam-break
99 Fri Aug 21 13:08:12 PDT 2009

8.  1.0  30.000      .00      .00   200.00
14.  1.0  30.000     2.00
14.  1.0  30.000     2.00     8.00
3.  1.0  32.000      .00     1.00
17.  1.0  39.872      .00    -4.00     1.00      .8000
1.  1.0  56.772    11.00      .00      .00      .5000      .00      .00    20.00
6.  1.0  56.772    11.50    11.50   108.25    21.0000
1.  1.0  56.772    12.00    20.00      .00      .5000      .50
1.  1.0 108.246    11.00      .00      .00      .5000      .00      .00    20.00
1.  1.0 108.246    12.00    20.00      .00      .5000      .50
1.  1.0 144.648    11.00      .00      .00      .5000      .00      .00    20.00
6.  1.0 144.648    11.50    11.50   161.06    21.0000
1.  1.0 144.648    12.00    20.00      .00      .5000      .50
1.  1.0 161.064    11.00      .00      .00      .5000      .00      .00    20.00
1.  1.0 161.064    12.00    20.00      .00      .5000      .50
14.  1.0 200.000     2.00
8.  2.0  30.000     2.00      .00   200.00
3.  2.0  32.000
17.  2.0  39.872      .00    -4.00      .00      .8000
2.  2.0  56.772      .00     4.00      .00      .0417      .00      .00    -2.00
1.  2.0  61.315     2.00    13.93      .00      .0417     8.00
6.  2.0  61.315    10.00    11.00   103.77    14.0000    12.00
5.  2.0  62.240      .00     4.00   104.58    -3.5695    -1.00
1.  2.0  65.519     3.00    10.00      .00      .0417     7.09      .00     -.25
1.  2.0  69.723     4.00    10.00      .00      .0417     6.20
1.  2.0  73.927     3.00    10.00      .00      .0417     7.29      .00     -.30
1.  2.0  78.132     2.00    10.00      .00      .0417     8.38      .00     -.50
1.  2.0  82.336     6.00    10.00      .00      .0417     4.49      .00     -.15
1.  2.0  86.540     5.00    10.00      .00      .0417     5.59      .00     -.20
1.  2.0  95.364     9.00    13.99      .00      .0417     1.81      .00      .50
1.  2.0  99.569     8.00    10.00      .00      .0417     2.91      .00      .50
1.  2.0 103.773     7.00    10.00      .00      .0417     4.00
6.  2.0 108.246     6.50     6.50   133.47    21.0000     3.00      .00    11.00   133.47   120.86     13.00    108.25    116.65       .68
6.  2.0 108.246     6.50     6.50   133.47    21.0000     3.00      .00    13.00   129.27   120.86       .00       .00       .00       .19
6.  2.0 108.246     6.50     6.50   133.47    22.0000      .00      .00    11.00   133.47   120.86     13.00    108.25    116.65
1.  2.0 108.246    11.00    20.00      .00      .0417     4.50
5.  2.0 108.246    13.00    13.00   129.27     2.5000    -1.00
1.  2.0 112.450    10.00    20.00      .00      .0417     3.50
1.  2.0 116.654     9.00    20.00      .00      .0417     2.50
1.  2.0 120.859    13.00    20.00      .00      .0417     6.50
1.  2.0 125.063    12.00    20.00      .00      .0417     5.50
1.  2.0 129.267    11.00    20.00      .00      .0417     4.50
1.  2.0 133.471    15.00    20.00      .00      .2500     8.50
5.  2.0 133.471    15.95    15.95   144.65     1.3473    -2.00      .00      .00      .00      .00       .60       .00       .00      1.00      3.00
6.  2.0 144.648     7.00     6.50   195.82    21.0000     7.00      .00    13.00   165.01   195.82       .00       .00       .00       .75
1.  2.0 144.648    15.00    20.00      .00      .7500     8.00    10.00
1.  2.0 165.014    15.00    20.00      .00      .0357     8.20
5.  2.0 165.014    17.00    12.00   195.82     2.6443    -1.00
1.  2.0 170.195    14.00    20.00      .00      .0357     7.25
1.  2.0 175.376    13.00    20.00      .00      .0357     6.30
1.  2.0 180.266    12.00    20.00      .00      .0357     5.35
1.  2.0 185.155    11.00    20.00      .00      .0357     4.40
1.  2.0 190.045    10.00    20.00      .00      .0357     3.44
1.  2.0 195.821     9.00    23.95      .00      .0357     2.50
1.  2.0  90.915     4.00    10.00      .00      .0417     6.69      .00     -.20
