99 Example tie-finger
99 Wed Aug 19 14:18:19 PDT 2009

8.  1.0    .000      .00      .00   200.00
14.  1.0    .000     2.00     8.00
14.  1.0    .000     2.00
14.  1.0    .000     2.00
3.  1.0   2.000      .00     1.00
17.  1.0   9.646      .00    -4.00     1.00      .8000
1.  1.0  21.866    -5.00    10.00      .00      .2500     7.00     2.00
1.  1.0  21.866     2.00      .00      .00      .2500
5.  1.0  28.666     1.00     1.00    43.60    -1.0000    -2.00      .00      .00      .00      .00       .70       .00       .00      1.00      3.00
1.  1.0  28.666     2.00    10.00      .00      .2500     3.50
6.  1.0  28.666     5.50     6.50    38.26    12.0000
1.  1.0  33.464     4.00    10.00      .00      .2500     2.00
5.  1.0  33.464     2.50     2.50    44.26     -.7500    -2.00      .00      .00      .00      .00       .70       .00       .00      1.00      2.75      -.50
1.  1.0  38.262     6.00    10.00      .00      .2500      .50
5.  1.0  38.262     4.50     4.50    44.26     -.5000    -2.00      .00      .00      .00      .00       .70       .00       .00      1.00      1.75      -.50
5.  1.0  44.262     1.50     1.50    66.95    -1.9237    -2.00      .00      .00      .00      .00       .70
1.  1.0  44.262     2.00    10.00      .00     1.0000     5.00
5.  1.0  44.262     3.50     3.50    66.95    -1.9237    -2.00      .00      .00      .00      .00       .70
1.  1.0  44.262     4.00      .00      .00     1.0000
1.  1.0  44.262     6.00      .00      .00     1.0000
5.  1.0  44.262     5.75     5.75    66.95    -1.9237    -2.00      .00      .00      .00      .00       .70
1.  1.0  44.262     9.00      .00      .00     1.0000
5.  1.0  44.262    10.20    10.20    66.95     1.9237    -2.00      .00      .00      .00      .00       .70
14.  1.0  64.159     2.00
1.  1.0  66.952     2.00    10.00      .00      .2500     6.50     2.00
1.  1.0  66.952     4.00      .00      .00      .2500
1.  1.0  66.952     6.00      .00      .00      .2500
1.  1.0  66.952     9.00      .00      .00      .2500
1.  1.0  73.752     2.00    10.00      .00      .2500     3.50
6.  1.0  73.752     5.50     6.50    83.35    12.0000
5.  1.0  73.752     1.00     1.00    88.14    -1.0000    -2.00      .00      .00      .00      .00       .70       .00       .00      1.00      3.00
1.  1.0  78.549     4.00    10.00      .00      .2500     2.00
5.  1.0  78.549     2.50     2.50    88.14     -.7500    -2.00      .00      .00      .00      .00       .70       .00       .00      1.00      2.75      -.50
1.  1.0  83.347     6.00    10.00      .00      .2500      .50
5.  1.0  83.347     4.50     4.50    88.14     -.5000    -2.00      .00      .00      .00      .00       .70       .00       .00      1.00      1.75      -.50
5.  1.0  88.144     1.50     1.50   112.33    -1.9237    -2.00      .00      .00      .00      .00       .70
1.  1.0  88.144     2.00    10.00      .00     1.0000     5.00
5.  1.0  88.144     3.50     3.50   112.33    -1.9237    -2.00      .00      .00      .00      .00       .70
1.  1.0  88.144     4.00      .00      .00     1.0000
1.  1.0  88.144     6.00      .00      .00     1.0000
5.  1.0  88.144     5.75     5.75   112.33    -1.9237    -2.00      .00      .00      .00      .00       .70
1.  1.0  88.144     9.00      .00      .00     1.0000
5.  1.0  88.144    10.20    10.20   112.33     1.9237    -2.00      .00      .00      .00      .00       .70
14.  1.0 109.537     2.00
1.  1.0 112.330     2.00    10.00      .00      .2500     6.50     2.00
1.  1.0 112.330     4.00      .00      .00      .2500
1.  1.0 112.330     6.00      .00      .00      .2500
1.  1.0 112.330     9.00      .00      .00      .2500
1.  1.0 119.130     2.00    10.00      .00      .2500     3.50
6.  1.0 119.130     5.50     6.50   128.72    12.0000
5.  1.0 119.130     1.00     1.00   134.72    -1.0000    -2.00      .00      .00      .00      .00       .70       .00       .00      1.00      3.00
1.  1.0 123.927     4.00    10.00      .00      .2500     2.00
5.  1.0 123.927     2.50     2.50   134.72     -.7500    -2.00      .00      .00      .00      .00       .70       .00       .00      1.00      2.75      -.50
1.  1.0 128.725     6.00    10.00      .00      .2500      .50
5.  1.0 128.725     4.50     4.50   134.72     -.5000    -2.00      .00      .00      .00      .00       .70       .00       .00      1.00      1.75      -.50
5.  1.0 134.725     1.50     1.50   157.41    -1.9238    -2.00      .00      .00      .00      .00       .70
1.  1.0 134.725     2.00    10.00      .00     1.0000     5.00
5.  1.0 134.725     3.50     3.50   157.41    -1.9238    -2.00      .00      .00      .00      .00       .70
1.  1.0 134.725     4.00      .00      .00     1.0000
1.  1.0 134.725     6.00      .00      .00     1.0000
5.  1.0 134.725     5.75     5.75   157.41    -1.9238    -2.00      .00      .00      .00      .00       .70
1.  1.0 134.725     9.00      .00      .00     1.0000
5.  1.0 134.725    10.20    10.20   157.41     1.9238    -2.00      .00      .00      .00      .00       .70
14.  1.0 154.622     2.00
1.  1.0 157.415     2.00    10.00      .00      .2500     6.50     2.00
1.  1.0 157.415     4.00      .00      .00      .2500
1.  1.0 157.415     6.00      .00      .00      .2500
1.  1.0 157.415     9.00      .00      .00      .2500
1.  1.0 164.215     2.00    10.00      .00      .2500     3.50
6.  1.0 164.215     5.50     6.50   173.81    12.0000
5.  1.0 164.215     1.00     1.00   178.61    -1.0000    -2.00      .00      .00      .00      .00       .70       .00       .00      1.00      3.00
1.  1.0 169.013     4.00    10.00      .00      .2500     2.00
5.  1.0 169.013     2.50     2.50   178.61     -.7500    -2.00      .00      .00      .00      .00       .70       .00       .00      1.00      2.75      -.50
1.  1.0 173.810     6.00    10.00      .00      .2500      .50
5.  1.0 173.810     4.50     4.50   178.61     -.5000    -2.00      .00      .00      .00      .00       .70       .00       .00      1.00      1.75      -.50
1.  1.0 178.608     2.00    10.00      .00     1.0000     5.00
1.  1.0 178.608     4.00      .00      .00     1.0000
1.  1.0 178.608     6.00      .00      .00     1.0000
1.  1.0 178.608     9.00      .00      .00     1.0000
14.  1.0 200.000     2.00
8.  2.0    .000     2.00      .00   200.00
3.  2.0   2.000
17.  2.0   9.646      .00    -4.00      .00      .8000
9.  2.0  21.866    -4.00    56.00     1.00
1.  2.0  21.866     4.00    10.00      .00      .2500     1.50
6.  2.0  21.866     5.50     6.50    38.26    12.0000
1.  2.0  28.666     1.00    10.00      .00      .2500     4.86      .00    -1.00
1.  2.0  33.464     4.00    10.00      .00      .2500     2.21
1.  2.0  38.262     6.00    10.00      .00      .2500      .50
9.  2.0  43.269    -6.50    61.00     1.00
1.  2.0  44.262     8.00    20.00      .00      .2500      .00
6.  2.0  44.262     8.00     7.50    58.65    22.0000
1.  2.0  49.059     9.00    20.00      .00      .2500     1.17
1.  2.0  53.857     8.00    20.00      .00      .2500      .33
1.  2.0  58.654     7.00    20.00      .00      .2500     -.50
1.  2.0  66.952     6.00    10.00      .00      .2500      .50
6.  2.0  66.952     6.50     6.50    83.35    12.0000
1.  2.0  73.752     7.00    10.00      .00      .2500     -.50      .00    -1.00
1.  2.0  78.549     6.00    10.00      .00      .2500      .50
1.  2.0  83.347     5.00    10.00      .00      .2500     1.50
1.  2.0  88.144     4.00    10.00      .00      .2500     2.00
6.  2.0  88.144     6.00     6.00   102.54    12.0000
9.  2.0  88.144    -6.50    61.00     1.00      .0000      .00      .00      .00      .00      .00       .00       .00      -.75
1.  2.0  92.942     5.00    10.00      .00      .2500     1.00
1.  2.0  97.739     6.00    10.00      .00      .2500      .00
1.  2.0 102.537     4.00    10.00      .00      .2500     2.00
1.  2.0 112.330     6.00    10.00      .00      .2500      .00
6.  2.0 112.330     6.00     6.00   128.72    12.0000
1.  2.0 119.130     1.00    10.00      .00      .2500     5.00      .00    -1.00
1.  2.0 123.927     4.00    10.00      .00      .2500     2.00
1.  2.0 128.725     6.00    10.00      .00      .2500      .00
9.  2.0 133.732    -6.50    61.00     1.00
1.  2.0 134.725     8.00    20.00      .00      .2500      .00
6.  2.0 134.725     8.00     7.50   149.12    22.0000
1.  2.0 139.522     9.00    20.00      .00      .2500     1.17
1.  2.0 144.320     8.00    20.00      .00      .2500      .33
1.  2.0 149.117     7.00    20.00      .00      .2500     -.50
1.  2.0 157.415     6.00    10.00      .00      .2500      .50
6.  2.0 157.415     6.50     6.50   173.81    12.0000
1.  2.0 164.215     7.00    10.00      .00      .2500     -.50      .00    -1.00
1.  2.0 169.013     6.00    10.00      .00      .2500      .50
1.  2.0 173.810     5.00    10.00      .00      .2500     1.50
1.  2.0 178.608     4.00    10.00      .00      .2500     2.00
6.  2.0 178.608     6.00     6.00   193.00    12.0000
9.  2.0 178.608    -6.50    61.00     1.00      .0000      .00      .00      .00      .00      .00       .00       .00      -.75
1.  2.0 183.405     5.00    10.00      .00      .2500     1.00
1.  2.0 188.203     6.00    10.00      .00      .2500      .00
1.  2.0 193.000     4.00    10.00      .00      .2500     2.00
