99 Example layer-xstaff
99 Fri Aug 28 16:28:45 PDT 2009

8.  1.0    .000      .00      .75   200.00
14.  1.0    .000     2.00
14.  1.0    .000     2.00     8.00
3.  1.0   1.833      .00     1.00
17.  1.0   6.733      .00    -2.00     1.00
5.  1.0  14.132     8.00     8.00    30.44    -1.8662      .00      .00      .00      .00      .00       .00       .00       .00      1.00      2.25      -.75
1.  1.0  14.132     9.00      .00     1.00     2.0000
1.  1.0  14.132    12.00    20.00     1.00     2.0000     3.00
5.  1.0  14.132    13.75    12.75    30.44     1.7162    -1.00      .00      .55      .00      .00       .00       .00       .00      1.00      1.75
1.  1.0  30.444     9.00      .00      .00      .5000
1.  1.0  30.444    11.00    20.00      .00      .5000     2.00     1.00
2.  1.0  35.353      .00     1.00      .00      .5000
2.  1.0  40.176      .00     1.00      .00      .5000
2.  1.0  45.031      .00     1.00    -1.00      .5000
3.  1.0  51.330   100.00
14.  1.0  60.845     2.00
1.  1.0  62.945      .00    10.00      .00      .5000      .00     1.00      .00    19.00
5.  1.0  68.520     7.50     7.50    79.30    -1.3699      .00      .00      .00      .00      .00       .00       .00       .00      1.00      1.75     -1.00
1.  1.0  68.520     9.00      .00      .00      .5000
6.  1.0  68.520     9.50     9.00    79.05    21.0000
1.  1.0  68.520    11.00    20.00      .00      .5000     1.50
5.  1.0  68.520    13.00    12.75    79.30     1.3699    -1.00      .00      .00      .00      .00       .00       .00       .00      1.00      1.25       .75
1.  1.0  79.050     8.00      .00      .00      .5000
1.  1.0  79.050    10.00    20.00      .00      .5000     1.00      .00      .00     7.00
2.  1.0  83.974      .00     1.00    -1.00      .5000
1.  1.0  98.986      .00    10.00      .00      .5000      .00     1.00      .00    19.00
5.  1.0 105.182     1.00      .75   110.12     -.8699    -1.00
1.  1.0 105.182     3.00    13.95      .00      .5000     2.25
6.  1.0 105.182     5.25     4.75   110.12    11.0000
1.  1.0 105.182     7.00      .00      .00      .5000
1.  1.0 110.123     4.00    10.00      .00      .5000      .75      .00      .00     7.00
1.  1.0 110.123     6.00      .00      .00      .5000
2.  1.0 115.064      .00     1.00    -1.00      .5000
14.  1.0 130.878     2.00
9.  2.0 124.978   -22.50    56.00     1.00
1.  1.0 132.978      .00    10.00      .00      .5000      .00     1.00      .00    19.00
5.  1.0 138.553     7.88     6.38   149.33    -1.1199      .00      .00      .00      .00      .00       .00       .00       .00      1.00      2.00     -1.00
1.  1.0 138.553     9.00      .00      .00      .5000
6.  1.0 138.553     9.50     9.00   149.08    21.0000
1.  1.0 138.553    11.00    20.00      .00      .5000     1.50
5.  1.0 138.553    12.50    12.75   149.08     1.3699    -1.00      .00      .00      .00      .00       .00       .00       .00      1.00      2.00       .50
1.  1.0 149.083     8.00      .00      .00      .5000
1.  1.0 149.083    10.00    20.00      .00      .5000     1.00      .00      .00     7.00
2.  1.0 154.007      .00     1.00    -1.00      .5000
9.  2.0 164.618   -22.50    56.00     1.00      .0000      .00      .00      .00      .00      .00       .00       .00     -1.50
1.  1.0 169.018      .00    10.00      .00      .5000      .00     1.00      .00    19.00
5.  1.0 175.215     1.38     1.38   180.28     -.9949    -1.00
1.  1.0 175.215     3.00    13.96      .00      .5000     2.50
6.  1.0 175.215     5.50     5.00   180.16    11.0000
1.  1.0 175.215     7.00      .00      .00      .5000
1.  1.0 180.156     4.00    10.00      .00      .5000     1.00      .00      .00     7.00      .00       .00       .25
1.  1.0 180.156     6.00      .00      .00      .5000
3.  1.0 183.471   100.00     1.00
5.  1.0 188.013     6.38     5.38   198.71    -1.3965      .00      .00      .00      .00      .00       .00       .00       .00      1.00      2.63
1.  1.0 188.013     7.00      .00      .00      .5000
1.  1.0 188.013    12.00    20.00      .00      .5000     5.00     1.00
5.  1.0 188.013    11.88    11.88   197.46     1.2500    -2.00      .00      .00      .00      .00       .80       .00       .00      1.00      2.50      1.88
14.  1.0 200.000     2.00
8.  2.0    .000    -4.50      .75   200.00
3.  2.0   1.833
5.  2.0   3.222    12.50    12.50    30.44     2.5812    -3.00      .00      .00      .00      .00       .00       .00       .00      1.00      6.50
17.  2.0   6.733      .00    -2.00
1.  2.0  14.132    10.00    23.00      .00     1.5000      .00    10.00
9.  2.0  14.132    13.50    75.00      .50      .0000      .00      .00      .00      .00      .00       .00       .00      4.50
9.  2.0  14.132    -2.50    53.00      .00      .0000      .00      .00      .00      .00      .00       .00       .00     -1.75
1.  2.0  23.079    12.00    20.00      .00      .2500      .00
6.  2.0  23.079    12.00    11.50    26.76    22.0000
1.  2.0  26.762    11.00    20.00      .00      .2500     -.50
1.  2.0  30.444    11.00    20.00      .00      .5000      .00     1.00
2.  2.0  35.353      .00     1.00      .00      .5000
2.  2.0  40.176      .00     1.00      .00      .5000
6.  2.0  45.031     5.00     2.50    53.96    23.0000      .00      .00    31.00      .00    53.96
1.  2.0  45.031    11.00    20.00      .00      .1250     6.00
5.  2.0  45.031    13.00    -9.00    63.46     5.5463    -1.00      .00      .48
9.  2.0  45.031    -6.00    56.00      .00      .0000      .00      .00      .00      .00      .00       .00       .00     -2.00
1.  2.0  47.875     9.00    20.00      .00      .1250     4.80
1.  2.0  50.718     7.00    20.00      .00      .1250     3.59
1.  2.0  53.958     4.00    20.00      .00      .0625     1.50
9.  2.0  56.045   -22.50    56.00     1.00      .0000      .00      .00      .00      .00      .00       .00       .00     -1.00
1.  2.0  56.045     2.00    10.00      .00      .0625    -2.00     4.00     -.50      .00     2.00
2.  2.0  62.945      .00     1.00      .00      .5000
1.  2.0  68.520    14.00    20.00      .00      .1667      .25
6.  2.0  68.520    13.75    13.75    75.54    22.0000     3.00
5.  2.0  68.520    16.00    16.00    79.05     1.8333    -1.00
1.  2.0  72.030    15.00    20.00      .00      .1667     1.25
1.  2.0  75.540    14.00    20.00      .00      .1667      .25
6.  2.0  79.050     6.75     3.25    92.90    21.0000      .00      .00    12.00    83.97    92.90     31.00       .00     92.90
1.  2.0  79.050    13.00    20.00      .00      .5000     6.25      .00      .00     7.00
9.  2.0  83.800    -6.00    56.00     1.00      .0000      .00      .00      .00      .00      .00       .00       .00     -1.00
1.  2.0  83.974    11.00    20.00      .00      .1250     5.49
5.  2.0  83.974    13.00    -9.50    92.15     5.1465    -1.00      .00      .45      .00      .00       .00       .00       .00      1.00      1.50      8.25
1.  2.0  86.817     9.00    20.00      .00      .1250     4.21
1.  2.0  89.661     7.00    20.00      .00      .1250     2.93
1.  2.0  92.901     4.00    20.00      .00      .0625      .75
9.  2.0  94.586   -22.75    56.00     1.00      .0000      .00      .00      .00      .00      .00       .00       .00     -1.00
1.  2.0  94.586     2.00    10.00      .00      .0625    -2.00     4.00     -.75      .00     2.00
2.  2.0  98.986      .00     1.00      .00      .5000
1.  2.0 105.182     9.00    20.00      .00      .5000      .00     1.00      .00    20.00
5.  2.0 105.182    10.50    10.50   110.12     1.2453    -1.00      .00      .00      .00      .00       .00       .00       .00      1.00       .75      1.38
6.  2.0 110.123     6.25     3.75   123.99    21.0000      .00      .00    12.00   115.06   123.99     31.00       .00    123.99
1.  2.0 110.123     8.00    20.00      .00      .5000     1.75      .00      .00     7.00      .00       .00      -.25
1.  2.0 115.064    11.00    20.00      .00      .1250     5.64
1.  2.0 117.907     9.00    20.00      .00      .1250     4.15
1.  2.0 120.750     7.00    20.00      .00      .1250     2.67
1.  2.0 123.990     4.00    20.00      .00      .0625      .25
1.  2.0 126.078     2.00    10.00      .00      .0625    -2.00     4.00     -.50      .00     2.00
2.  2.0 132.978      .00     1.00      .00      .5000
6.  2.0 138.553    13.63    13.63   145.57    22.0000     3.00
1.  2.0 138.553    14.00    20.00      .00      .1667      .38
5.  2.0 138.553    16.00    16.25   149.08     1.8333    -1.00
1.  2.0 142.063    15.00    20.00      .00      .1667     1.38
1.  2.0 145.573    14.00    20.00      .00      .1667      .38
6.  2.0 149.083     6.50     3.00   162.93    21.0000      .00      .00    12.00   154.01   162.93     31.00       .00    162.93
1.  2.0 149.083    13.00    20.00      .00      .5000     6.50      .00      .00     7.00
1.  2.0 154.007    11.00    20.00      .00      .1250     5.74
1.  2.0 156.850     9.00    20.00      .00      .1250     4.46
1.  2.0 159.693     7.00    20.00      .00      .1250     3.18
1.  2.0 162.933     4.00    20.00      .00      .0625     1.00
1.  2.0 164.618     2.00    10.00      .00      .0625    -2.00     4.00    -1.00      .00     2.00
2.  2.0 169.019      .00     1.00      .00      .5000
1.  2.0 175.215     9.00    20.00      .00      .5000      .00     1.00      .00    20.00
6.  2.0 180.156     6.50     4.00   195.83    21.0000      .00      .00    12.00   188.01   195.83
1.  2.0 180.156     8.00    20.00      .00      .5000     1.50      .00      .00     7.00      .00       .00      -.25
1.  2.0 188.013    11.00    20.00      .00      .1250     5.75
5.  2.0 188.013    13.00    11.75   195.69     1.5653    -1.00      .00      .00      .00      .00       .00       .00       .00      1.00      1.13      3.63
1.  2.0 190.856     9.00    20.00      .00      .1250     4.21
1.  2.0 193.700     7.00    20.00      .00      .1250     2.66
1.  2.0 195.825     4.00    20.00      .00      .1250      .00
9.  2.0 105.182    -2.25    53.00      .00      .0000      .00      .00      .00      .00      .00       .00       .00     -1.00
5.  2.0 114.974    13.00    -9.50   123.15     5.3965    -1.00      .00      .45      .00      .00       .00       .00       .00      1.00      1.50     11.25
5.  2.0 153.950    13.00    -9.50   162.13     5.6465    -1.00      .00      .45      .00      .00       .00       .00       .00      1.00      1.50      9.25
5.  2.0 175.215    10.63    10.63   180.16      .9953    -1.00      .00      .00      .00      .00       .00       .00       .00      1.00       .75      1.38
9.  2.0 175.215    -2.25    53.00      .00      .0000      .00      .00      .00      .00      .00       .00       .00     -1.00
9.  2.0 188.013    -5.75    56.00      .00      .0000      .00      .00      .00      .00      .00       .00       .00     -1.38
9.  2.0 115.064    -6.00    56.00     1.00      .0000      .00      .00      .00      .00      .00       .00       .00     -1.00
9.  2.0 154.257    -6.00    56.00     1.00      .0000      .00      .00      .00      .00      .00       .00       .00     -1.75
9.  2.0  68.520    -2.25    53.00      .00      .0000      .00      .00      .00      .00      .00       .00       .00     -1.00
9.  2.0 138.553    -2.25    53.00      .00      .0000      .00      .00      .00      .00      .00       .00       .00     -1.00
4.  2.0  14.132     1.00   999.00    25.70     1.0000
4.  2.0  26.632     1.00   999.00    34.08     -.9900
