99 Example layer-lhrh5
99 Fri Aug 21 16:29:45 PDT 2009

8.  1.0    .000      .00      .80   200.00
14.  1.0    .000     2.00
14.  1.0    .000     2.00     8.00
3.  1.0   1.600      .00     1.00
17.  1.0   7.819      .00    -3.00     1.00      .8000
4.  1.0  17.084    18.00   999.00    76.19
6.  1.0  17.483    12.00    11.00    25.93    21.0000
1.  1.0  17.483    12.00    20.00      .00      .5000
5.  1.0  17.483    14.00    10.00    73.61     3.0000    -1.00      .00      .55
1.  1.0  21.705    11.00    20.00      .00      .5000     -.50
1.  1.0  25.926    10.00    20.00      .00      .5000    -1.00
1.  1.0  30.726     9.00    20.00      .00      .5000     -.50
6.  1.0  30.726     9.50     7.50    41.21    21.0000
1.  1.0  36.006     8.00    23.00      .00      .5000     -.49
1.  1.0  41.206     7.00    21.00      .00      .5000     -.50
14.  1.0  45.789     2.00
6.  1.0  49.389     5.00     4.00    58.89    11.0000
1.  1.0  49.389     6.00    10.00      .00      .5000    -1.00
1.  1.0  54.669     5.00    10.00      .00      .5000     -.54
1.  1.0  58.891     4.00    10.00      .00      .5000
6.  1.0  63.112     2.50      .50    72.61    11.0000
1.  1.0  63.112     3.00    10.00      .00      .5000     -.50
1.  1.0  67.333     2.00    10.00      .00      .5000     -.42
1.  1.0  72.613     1.00    13.00      .00      .5000     -.50
14.  1.0  78.213     2.00
1.  1.0  80.652     2.00    10.00      .00     2.0000      .00      .00      .00     7.00
9.  1.0  88.115    -3.00    61.00     1.00      .0000      .00      .00      .00      .00      .00       .00       .00     -4.25
5.  1.0  88.115     2.25     2.25    93.56    -1.0000      .00      .00      .00      .00      .00       .50       .00       .00      1.00       .75      -.50
1.  1.0  88.115     4.00    20.00      .00      .5000    -1.00     1.00
1.  1.0  88.115    11.00    10.00      .00      .5000    -1.00     1.00
5.  1.0  88.115    12.63    12.63    93.56     1.0000    -4.00      .00      .00      .00      .00       .50       .00       .00      1.00      3.00      1.38
9.  1.0  88.115    14.00    61.00     1.00      .0000      .00      .00      .00      .00      .00       .00       .00     -3.25
t  1.   89.607   17.875     1.000    1.000     .000     .000     .000     .000    -.352
_02m.d.
5.  1.0  93.555     -.75    -7.13   107.75    -2.2208      .00      .00      .00      .00      .00       .00       .00       .00      1.00       .38      -.75
1.  1.0  93.555     4.00    20.00      .00     1.0000    -1.50
1.  1.0  93.555    11.00    10.00      .00     1.0000    -1.50
5.  1.0  93.555    16.25    13.38   107.75     2.0000      .00      .00      .00      .00      .00       .00       .00       .00      1.00      2.63      1.50
1.  1.0  99.074     2.00    20.00      .00      .5000     -.50     1.00
1.  1.0  99.074     9.00    10.00      .00      .5000     -.50     1.00
14.  1.0 105.314     2.00
1.  1.0 107.752    -1.00    20.00      .00     2.0000    -1.50      .00      .00     7.00      .00     -1.00     -9.25
1.  1.0 107.752     6.00    10.00      .00     2.0000    -1.00      .00      .00     7.00      .00      1.00      8.75
9.  1.0 112.215    13.75    61.00     1.00
5.  1.0 115.215     4.38     4.38   120.66     -.8000      .00      .00      .00      .00      .00       .50       .00       .00      1.00       .63      -.50
1.  1.0 115.215     6.00    20.00      .00      .5000      .00     1.00
1.  1.0 115.215    12.00    10.00      .00      .5000    -1.00     1.00
5.  1.0 115.215    13.75    13.75   120.66     1.0000    -4.00      .00      .00      .00      .00       .50       .00       .00      1.00      2.88      1.63
1.  1.0 120.655     6.00    20.00      .00     1.5000     -.50   110.00
1.  1.0 120.655    12.00    10.00      .00     1.0000    -1.50
5.  1.0 120.655    17.38    17.00   135.87     1.6149    -1.00      .00      .00      .00      .00       .00       .00       .00      1.00      2.75      1.50
1.  1.0 126.789    10.00    10.00      .00      .5000    -1.00     1.00
14.  1.0 133.429     2.00
1.  1.0 135.867     9.00    20.00      .00     2.0000      .00      .00      .00     7.00      .00     -1.00    -10.88
1.  1.0 135.867    11.00    10.00      .00     2.0000    -2.00      .00      .00     7.00      .00      1.00      8.63
5.  1.0 143.330     2.13     2.13   148.77    -1.0000      .00      .00      .00      .00      .00       .50       .00       .00      1.00       .63      -.63
1.  1.0 143.330     4.00    20.00      .00      .5000    -1.00     1.00
1.  1.0 143.330    11.00    10.00      .00      .5000    -1.00     1.00
5.  1.0 143.330    12.50    12.50   148.77     1.0000      .00      .00      .00      .00      .00       .50       .00       .00      1.00      2.63      1.38
9.  1.0 143.330    14.75    61.00     1.00      .0000      .00      .00      .00      .00      .00       .00       .00     -2.75
9.  1.0 143.330    -1.25    61.00     1.00      .0000      .00      .00      .00      .00      .00       .00       .00     -4.50
t  1.  143.330   17.875     1.000    1.000     .000     .000     .000     .000    1.648
_02m.d.
5.  1.0 148.770     -.50    -6.75   162.97    -2.0458      .00      .00      .00      .00      .00       .00       .00       .00      1.00       .50      -.50
1.  1.0 148.770     4.00    20.00      .00     1.0000    -1.50
1.  1.0 148.770    11.00    10.00      .00     1.0000    -1.50
5.  1.0 148.770    15.88    12.75   162.97     2.0458      .00      .00      .00      .00      .00       .00       .00       .00      1.00      3.00      1.50
1.  1.0 154.289     2.00    20.00      .00      .5000    -1.00     1.00
1.  1.0 154.289     9.00    10.00      .00      .5000     -.50     1.00
14.  1.0 160.529     2.00
1.  1.0 162.967    -1.00    20.00      .00     2.0000    -2.00      .00      .00     7.00      .00     -1.00     -8.75
1.  1.0 162.967     6.00    10.00      .00     2.0000    -1.00      .00      .00     7.00      .00       .88      8.63
5.  1.0 171.383     4.38     4.38   179.09     -.8000      .00      .00      .00      .00      .00       .50       .00       .00      1.00       .25      -.25
1.  1.0 171.383     6.00    20.00      .00      .5000      .00     1.00    -1.00
1.  1.0 171.383    12.00    10.00      .00      .5000    -1.00     1.00    -1.00
5.  1.0 171.383    13.50    13.50   179.09      .8000      .00      .00      .00      .00      .00       .50       .00       .00      1.00      2.25      1.25
1.  1.0 179.089     6.00    20.00      .00     1.5000     -.50   110.00      .50
1.  1.0 179.089    12.00    10.00      .00     1.0000    -1.50      .00      .50
5.  1.0 179.089    17.50    17.00   194.48     1.5000    -1.00      .00      .00      .00      .00       .00       .00       .00      1.00      3.13      1.50
1.  1.0 185.403    10.00    10.00      .00      .5000    -1.00     1.00
14.  1.0 192.043     2.00
1.  1.0 194.482     9.00    20.00      .00     1.0000      .00      .00      .00     7.00      .00     -1.00    -11.00
1.  1.0 194.482    11.00    10.00      .00     1.0000    -2.00      .00      .00     7.00      .00      1.00      9.00
14.  1.0 200.000    -2.00
8.  2.0    .000    -1.00      .80   200.00
3.  2.0   1.600
17.  2.0   7.819      .00    -3.00      .00      .8000
6.  2.0  17.483     2.50     4.50    25.93    11.0000
1.  2.0  17.483     3.00    13.00      .00      .5000     -.50
5.  2.0  17.483    10.25    15.50    72.61     3.5212    -1.00      .50      .45      .00      .00       .00       .00       .00      1.00      2.00
1.  2.0  21.705     4.00    10.00      .00      .5000     -.50
1.  2.0  25.926     5.00    10.00      .00      .5000     -.50
1.  2.0  30.726     6.00    20.00      .00      .5000    -1.00
6.  2.0  30.726     7.00     8.00    41.21    21.0000
1.  2.0  36.006     7.00    20.00      .00      .5000     -.50
1.  2.0  41.206     8.00    20.00      .00      .5000
1.  2.0  49.389     9.00    21.00      .00      .5000     -.50
6.  2.0  49.389     9.50    11.50    58.89    21.0000
1.  2.0  54.669    10.00    23.00      .00      .5000     -.58
1.  2.0  58.891    11.00    20.00      .00      .5000     -.50
1.  2.0  63.112    12.00    20.00      .00      .5000    -1.00
6.  2.0  63.112    13.00    14.00    72.61    21.0000
1.  2.0  67.333    13.00    20.00      .00      .5000     -.46
1.  2.0  72.613    14.00    20.00      .00      .5000
1.  2.0  80.652    13.00    20.00      .00     2.0000      .00      .00      .00     7.00
2.  2.0  88.115      .00     1.00    -1.00      .5000
2.  2.0  93.555      .00      .00    -1.00     1.5000
2.  2.0 107.752      .00      .00    -1.00     2.0000
1.  2.0 115.215     9.00    11.00      .00      .5000     -.50     1.00
5.  2.0 115.215     1.38     1.38   120.66    -1.0000    -1.00      .00      .00      .00      .00       .50       .00       .00      1.00       .88      -.38
1.  2.0 115.215     3.00    23.00      .00      .5000    -1.00     1.00
5.  2.0 115.215    10.38    10.38   120.66     1.2500    -1.00      .00      .00      .00      .00       .50       .00       .00      1.00      2.63      1.00
1.  2.0 120.655     9.00    10.00      .00     1.0000    -1.00
5.  2.0 120.655    15.00    13.63   135.87     1.6149    -1.00      .00      .00      .00      .00       .00       .00       .00      1.00      2.75      1.50
1.  2.0 120.655     3.00    20.00      .00     1.0000    -2.00   110.97
1.  2.0 126.789     7.00    10.00      .00      .5000      .00     1.00
1.  2.0 135.867     4.00    10.00      .00     2.0000     1.50      .00      .00     7.00      .00      1.00     11.50
1.  2.0 135.867     6.00      .00      .00     2.0000
2.  2.0 143.330      .00     1.00    -1.00      .5000
2.  2.0 148.770      .00      .00    -1.00     1.5000
2.  2.0 162.967      .00      .00    -1.00     2.0000
5.  2.0 167.383     8.25     8.25   175.09     -.8000      .00      .00      .00      .00      .00       .50       .00       .00      1.00      4.00      1.13
1.  2.0 171.383     3.00    23.26      .00      .5000    -1.00     1.00
1.  2.0 171.383     9.00    21.23      .00      .5000      .00     1.00    20.00
1.  2.0 171.393    10.00    13.28      .00      .5000    -1.00     1.00      .25
5.  2.0 171.383     1.13     1.13   179.09    -1.0000      .00      .00      .00      .00      .00       .50       .00       .00      1.00      1.00      -.25
5.  2.0 171.383    12.13    12.13   179.09     1.0000      .00      .00      .00      .00      .00       .50       .00       .00      1.00      3.00      1.75
1.  2.0 179.089     3.00    20.00      .00     1.0000    -1.50      .00      .50
1.  2.0 179.089     9.00    20.00      .00     1.0000      .00    10.27    20.00
1.  2.0 179.089    10.00    10.00      .00     1.0000    -1.50      .00      .50
5.  2.0 179.089    14.13    16.25   194.48     2.0000    -1.00      .00      .00      .00      .00       .00       .00       .00      1.00      3.13      1.50
1.  2.0 185.403     7.00    10.00      .00      .5000      .00     1.00
1.  2.0 194.482     4.00    10.00      .00     1.0000     4.50      .00      .00     7.00      .00      1.00     14.25
1.  2.0 194.482     6.00      .00      .00     1.0000
1.  2.0 194.482    11.00      .00      .00     1.0000
