99 Example tuplet-ambig2
99 Tue Aug 18 16:37:48 PDT 2009

8.  1.0  70.000      .00      .80   130.00
14.  1.0  70.000     2.00     8.00
14.  1.0  70.000     2.00
3.  1.0  71.600      .00     1.00
1.  1.0  79.833    10.00      .00      .00     1.0000
1.  1.0  79.833    13.00      .00      .00     1.0000
1.  1.0  79.833    16.00    20.00      .00     1.0000     6.00
1.  1.0  96.184    10.00      .00      .00     1.0000
1.  1.0  96.184    12.00      .00      .00     1.0000
1.  1.0  96.184    16.00    20.00      .00     1.0000     6.00
1.  1.0 112.311    10.00      .00      .00     1.0000
1.  1.0 112.311    12.00      .00      .00     1.0000
1.  1.0 112.311    16.00    20.00      .00     1.0000     6.00
14.  1.0 130.000     2.00
8.  2.0  70.000      .00      .80   130.00
3.  2.0  71.600
1.  2.0  79.833   109.00    10.00      .00      .2000     6.33
6.  2.0  79.833   112.80    12.80   125.84    11.0000    15.00
1.  2.0  82.708   110.00    10.00      .00      .2000     4.67
1.  2.0  85.582   109.00    10.00      .00      .2000     6.33
1.  2.0  89.446   108.00    12.00      .00      .2000     8.00
1.  2.0  92.320   109.00    10.00      .00      .2000     6.33
1.  2.0  96.184   109.00    12.00      .00      .2000     6.33
1.  2.0  99.058   110.00    10.00      .00      .2000     4.67
1.  2.0 101.933   111.00    10.00      .00      .2000     3.00
1.  2.0 105.573   111.00    12.00      .00      .2000     3.00
1.  2.0 108.447   112.00    10.00      .00      .2000     1.33
1.  2.0 112.311   112.00    12.00      .00      .2000     1.33
1.  2.0 115.185   114.00    10.00      .00      .2000    -2.00
1.  2.0 118.448   113.00    10.00      .00      .2000     -.33
1.  2.0 122.144   112.00    13.00      .00      .2000     1.33
1.  2.0 125.840   111.00    13.00      .00      .2000     3.00
