99 Example lyrics-syllab
99 Fri Sep  4 17:41:15 PDT 2009

8.  1.0    .000      .00      .75   200.00
14.  1.0    .000     2.00     8.00
14.  1.0    .000     3.00
3.  1.0   1.958      .00     1.00
17.  1.0   7.592      .00     4.00     1.00
1.  1.0  21.271    -1.00    10.00      .00      .2500     1.00     2.00
5.  1.0  21.271    11.50    11.75    78.22     3.5000    -1.00     1.00      .00      .00      .00       .00       .00       .00      1.00      2.00      1.50
6.  1.0  26.265     5.50     5.50    41.13    23.0000
1.  1.0  26.265     6.00    20.00      .00      .1250      .50
1.  1.0  29.498    12.00    20.00      .00      .1250     6.50
1.  1.0  32.082     6.00    20.00      .00      .1250      .50
1.  1.0  35.316    12.00    20.00      .00      .1250     6.50
1.  1.0  37.899     6.00    20.00      .00      .1250      .50
1.  1.0  41.133    12.00    20.00      .00      .1250     6.50
6.  1.0  43.717     6.00     8.00    50.18    23.0000
1.  1.0  43.717     6.00    20.00     1.00     1.0000
1.  1.0  50.179    12.00    20.00     1.00     1.0000     4.00
14.  1.0  62.802     2.00
6.  1.0  66.417     6.00     8.50    79.89    23.0000
1.  1.0  66.417     6.00    20.00     1.00     1.5000      .00    10.00
1.  1.0  79.885    10.00    20.00     1.00     1.5000     1.00    10.00
14.  1.0  95.654     2.00
5.  1.0  99.367      .25      .50   154.51    -2.5000    -1.00     1.00      .00      .00      .00       .00       .00       .00      1.00      2.13      1.50
1.  1.0  99.367     2.00    10.00     1.00     1.5000     3.50    10.00
6.  1.0  99.367     5.63     8.13   112.89    13.0000
1.  1.0 112.893     8.00    10.00     1.00     1.5000      .00    10.00
14.  1.0 129.421     2.00
1.  1.0 132.019     2.00    10.00     1.00     1.0000     2.00
6.  1.0 132.019     3.75     5.00   141.35    13.0000
1.  1.0 141.352     4.00    12.00     1.00     1.0000     1.00
6.  1.0 148.080     2.00     2.50   154.51    11.0000
1.  1.0 148.080     2.00    10.00      .00      .5000      .00
1.  1.0 154.513     3.00    13.00      .00      .5000     -.50
14.  1.0 161.189     2.00
1.  1.0 164.840    -5.00    10.00     1.00     1.5000     7.00    10.00
6.  1.0 164.840     2.13     4.00   178.38    13.0000
1.  1.0 178.377     2.00    10.00     1.00     1.5000     1.00    10.00
14.  1.0 184.361     2.00
1.  1.0 186.811    -5.00    10.00     1.00     1.5000     7.00    10.00
6.  1.0 186.811     2.00     4.00   193.73    13.0000
1.  1.0 193.733     2.00    10.00     1.00     1.5000     1.00    10.00
14.  1.0 200.000     2.00
8.  2.0    .000    -5.00      .75   200.00
3.  2.0   1.958
17.  2.0   7.592      .00     4.00
9.  2.0  21.271    -2.00    52.00     1.00      .0000      .00      .00      .00      .00      .00       .00       .00     13.00
1.  2.0  21.271     5.00    20.22     1.00     1.0000    -1.00
1.  2.0  21.271     7.00    13.22      .00     1.0000     1.50
1.  2.0  21.271     9.00     3.00      .00     1.0000
1.  2.0  21.271    11.00      .00      .00     1.0000
5.  2.0  21.271    14.20     8.20    85.73     4.0000    -2.00      .00      .00      .00      .00       .00       .00       .00      1.00      3.00      1.00
1.  2.0  43.717     7.00    10.00      .00     1.5000     1.00    10.00
1.  2.0  43.717     9.00      .00      .00     1.5000      .00    10.00
1.  2.0  56.193     5.00    10.00      .00      .5000     2.00     1.00
1.  2.0  56.193     7.00      .00      .00      .5000
1.  2.0  66.417     3.00    12.00      .00     1.0000     2.00
1.  2.0  66.417     5.00      .00      .00     1.0000
1.  2.0  75.403     2.00    13.00      .00     1.5000     1.00  1110.00
1.  2.0  75.403     3.00      .00      .00     1.5000      .00    10.00    10.00
1.  2.0  85.731      .00    10.00      .00      .5000     2.00     1.00
1.  2.0  85.731     2.00      .00      .00      .5000
3.  2.0  91.231   100.50     1.00      .90
1.  2.0  99.367    11.00     2.00      .00     1.0000
1.  2.0  99.367    13.00    20.00      .00     1.0000     2.00
5.  2.0  99.367    14.50    10.13   164.84     2.7500    -1.00     1.00      .70      .00      .00       .00       .00       .00      1.00      2.50       .88
1.  2.0 109.146    10.00     3.00      .00     1.5000      .00  1110.00    20.00
1.  2.0 109.146    11.00    20.00      .00     1.5000     1.00    10.00
1.  2.0 122.816     8.00      .00      .00      .5000
1.  2.0 122.816    10.00    20.00      .00      .5000     2.00     1.00
1.  2.0 132.019     6.00      .00      .00     1.0000
1.  2.0 132.019     8.00    20.00      .00     1.0000     1.50
9.  2.0 132.019    -2.63    81.00      .00      .0000      .00      .00      .00      .00      .00       .00       .00       .75
9.  2.0 132.019    -2.50    52.00     1.00      .0000      .00      .00      .00      .00      .00       .00       .00      7.13
1.  2.0 141.352     6.00    10.00      .00     1.5000      .00    10.00
1.  2.0 154.513     5.00    10.00      .00      .5000      .00     1.00
5.  2.0 164.840     2.00     2.00   186.81    -1.5000    -3.00
1.  2.0 164.840     4.00    12.00     1.00     3.0000      .00    10.00
1.  2.0 186.811     4.00    10.00     1.00     3.0000      .00    10.00
8.  3.0    .000    -4.50      .75   200.00
3.  3.0   1.958      .00     1.00
17.  3.0   7.592      .00     4.00     1.00
t  3.   21.271   -7.000     1.000    1.000     .000     .000     .000     .000   -1.013
_02thinks
t  3.   21.271   -3.000     1.000    1.000     .000     .000     .000     .000     .000
_00Rei
1.  3.0  21.271     9.00    20.00     1.00     2.0000
4.  3.0  28.623    -2.20    -2.20    47.09     1.0000     1.29     8.47
t  3.   50.179   -7.000     1.000    1.000     .000     .000     .000     .000    -.500
_02it
t  3.   50.179   -3.000     1.000    1.000     .000     .000     .000     .000   -1.500
_00fes
1.  3.0  50.179     9.00    20.00      .00      .5000      .00     1.00
t  3.   56.182   -7.000     1.000    1.000     .000     .000     .000     .000   -1.640
_02were
t  3.   56.182   -3.000     1.000    1.000     .000     .000     .000     .000     .000
_00zu
1.  3.0  56.193     9.00    20.00      .00      .5000      .00     1.00
14.  3.0  62.802     1.00
t  3.   66.414   -7.000     1.000    1.000     .000     .000     .000     .000   -1.659
_02wise
t  3.   66.414   -3.000     1.000    1.000     .000     .000     .000     .000   -1.500
_00wal
1.  3.0  66.417    12.00    20.00      .00     1.0000
4.  3.0  71.543    -2.20    -2.20    70.50     1.0000     1.29    -1.12
t  3.   75.395   -7.000     1.000    1.000     .000     .000     .000     .000   -1.000
_02now
t  3.   75.395   -3.000     1.000    1.000     .000     .000     .000     .000   -1.000
_00ten,
1.  3.0  75.403     7.00    23.00      .00     1.0000
2.  3.0  84.368      .00      .00      .00     1.0000
14.  3.0  95.654     1.00
t  3.   99.365   -7.000     1.000    1.000     .000     .000     .000     .000   -2.302
_02sway
t  3.   99.365   -3.000     1.000    1.000     .000     .000     .000     .000   -1.500
_00r%%ath
1.  3.0  99.367    10.00    23.00     1.00     2.0000
4.  3.0 108.034    -2.20    -2.20   111.64     1.0000     1.29     3.60
t  3.  116.638   -7.000     1.000    1.000     .000     .000     .000     .000   -2.500
_02o'er
t  3.  116.638   -3.000     1.000    1.000     .000     .000     .000     .000   -2.000
_00lich
1.  3.0 116.640     8.00    20.00      .00      .5000      .00     1.00
1.  3.0 116.640     8.00    10.00      .00     1.0000     -.50
t  3.  122.804   -7.000     1.000    1.000     .000     .000     .000     .000     .000
_02the
1.  3.0 122.816     8.00    20.00      .00      .5000      .00     1.00
14.  3.0 129.421     1.00
t  3.  132.009   -7.000     1.000    1.000     .000     .000     .000     .000     .000
_02ring
t  3.  132.019   -3.000     1.000    1.000     .000     .000     .000     .000     .000
_00will
1.  3.0 132.019     6.00    10.00     1.00     2.0000
t  3.  148.075   -7.000     1.000    1.000     .000     .000     .000     .000   -1.000
_02to
t  3.  148.080   -3.000     1.000    1.000     .000     .000     .000     .000   -1.000
_00es
1.  3.0 148.080     7.00    23.00      .00      .5000      .00     1.00
t  3.  154.511   -7.000     1.000    1.000     .000     .000     .000     .000     .000
_02en
t  3.  154.513   -3.000     1.000    1.000     .000     .000     .000     .000    -.802
_00mich
1.  3.0 154.513     8.00    20.00      .00      .5000      .00     1.00
4.  3.0 161.102    -6.20    -6.20   162.63     1.0000     1.29     1.57
14.  3.0 161.189     1.00
t  3.  164.839   -7.000     1.000    1.000     .000     .000     .000     .000     .000
_02sure
t  3.  164.840   -3.000     1.000    1.000     .000     .000     .000     .000     .000
_00d%%un
1.  3.0 164.840     8.00    20.00      .00     1.0000
4.  3.0 171.628    -2.20    -2.20   171.91     1.0000     1.29     3.60
t  3.  174.014   -7.000     1.000    1.000     .000     .000     .000     .000     .000
_02me.
t  3.  174.018   -3.000     1.000    1.000     .000     .000     .000     .000     .000
_00ken.
1.  3.0 174.018     4.00    12.00      .00     1.0000
4.  3.0 179.584    -7.00    -7.00   182.79
2.  3.0 180.123      .00      .00      .00     1.0000
4.  3.0 180.795    -3.00    -3.00   183.95
14.  3.0 184.361     1.00
2.  3.0 185.167      .00    -2.00      .00     3.0000      .00   191.13
14.  3.0 200.000     1.00
t  2.   21.270   -2.000     1.000    1.000     .000     .000     .000     .000     .987
_02sempre
