99 Example staff-layers
99 Tue Aug 18 16:37:24 PDT 2009

8.  1.0  40.000      .00      .00   160.00
3.  1.0  41.500
18.  1.0  48.999      .00     2.00     4.00
1.  1.0  56.499     8.00    20.00      .00     1.0000
1.  1.0  56.499    10.00    10.00      .00     1.0000    -1.50
1.  1.0  65.585     7.00    20.00      .00     1.0000
1.  1.0  65.585     9.00    10.00      .00     1.0000    -1.00
14.  1.0  75.328     1.00
2.  1.0  78.565     6.00      .00      .00     1.0000
1.  1.0  78.565     6.00      .00     1.00     1.0000
1.  1.0  78.565     8.00    20.00     1.00     1.0000     1.50
2.  1.0  87.565     6.00     2.00      .00      .2500
1.  1.0  92.651    10.00    10.00      .00      .2500      .50
6.  1.0  92.651    10.50    11.50   102.04    12.0000
1.  1.0  97.346    11.00    10.00      .00      .2500      .00
1.  1.0 102.041    12.00    10.00      .00      .2500     -.50
14.  1.0 109.041     1.00
6.  1.0 112.278    11.50    11.00   118.73    11.0000
1.  1.0 112.278    13.00    10.00      .00      .5000    -1.50
1.  1.0 118.729    12.00    10.00      .00      .5000    -1.00
6.  1.0 125.181     9.50     8.50   135.86    11.0000     3.00      .00      .00      .00      .00       .00       .00       .00       .50
1.  1.0 125.181    11.00    10.00      .00      .3333    -1.50
1.  1.0 130.519    10.00    10.00      .00      .3333    -1.00
1.  1.0 135.858     9.00    10.00      .00      .3333     -.50
14.  1.0 142.858     1.00
1.  1.0 146.095     8.00    20.00     1.00     2.0000
14.  1.0 160.000     1.00     2.00
1.  1.0 112.278    11.00    20.00      .00      .5000      .00     1.00
1.  1.0 135.858     7.00    20.00      .00      .3333     -.50     1.00
