99 Example ornalment-trill
99 Thu Aug 27 14:02:29 PDT 2009

8.  1.0    .000      .00      .70   200.00
14.  1.0    .000     2.00     8.00
14.  1.0    .000     2.00
3.  1.0   1.575
17.  1.0   7.035      .00     2.00
1.  1.0  14.883     3.00    10.00      .00      .5000     4.00
1.  1.0  14.883     6.00      .00      .00      .5000
6.  1.0  14.883     7.00     7.00    32.28    11.0000      .00      .00      .00      .00      .00       .00       .00      1.00
1.  1.0  14.883     8.00      .00      .00      .5000
1.  1.0  18.901     3.00    10.00      .00      .5000     4.00      .00     1.00
1.  1.0  18.901     6.00      .00      .00      .5000      .00      .00     1.00
1.  1.0  18.901     8.00      .00      .00      .5000      .00      .00     1.00
1.  1.0  28.281     3.00    10.00      .00      .5000     4.00
1.  1.0  28.281     6.00      .00      .00      .5000
1.  1.0  28.281     8.00      .00      .00      .5000
1.  1.0  32.280     3.00    10.00      .00      .5000     4.00      .00     1.00
1.  1.0  32.280     6.00      .00      .00      .5000      .00      .00     1.00
1.  1.0  32.280     8.00      .00      .00      .5000      .00      .00     1.00
14.  1.0  42.397     2.00
1.  1.0  47.552     3.00    10.00      .00      .5000     3.50
1.  1.0  47.552     5.00     2.00      .00      .5000
6.  1.0  47.552     6.50     6.50    59.88    11.0000
1.  1.0  47.552     7.00      .00      .00      .5000
1.  1.0  51.552     3.00    10.00      .00      .5000     3.50
1.  1.0  51.552     5.00      .00      .00      .5000
1.  1.0  51.552     7.00      .00      .00      .5000
1.  1.0  55.551     3.00    10.00      .00      .5000     3.50
1.  1.0  55.551     5.00      .00      .00      .5000
1.  1.0  55.551     7.00      .00      .00      .5000
1.  1.0  59.884     3.00    10.00      .00      .5000     3.50
1.  1.0  59.884     5.00      .00      .00      .5000
1.  1.0  59.884     7.00      .00      .00      .5000
14.  1.0  64.795     2.00
5.  1.0  67.000    -3.00    -2.00   127.69    -2.7500    -1.00      .25
1.  1.0  67.000    -1.00    10.00      .00      .2500     7.00
6.  1.0  67.000     6.00     6.00    77.99    12.0000
1.  1.0  70.234     6.00    10.00      .00      .2500
1.  1.0  74.759     5.00    12.93      .00      .2500     1.00
1.  1.0  77.993     6.00    10.00      .00      .2500
1.  1.0  81.227     1.00    10.00      .00      .2500     5.00
6.  1.0  81.227     6.00     6.00    90.93    12.0000
1.  1.0  84.461     6.00    10.00      .00      .2500
1.  1.0  87.695     5.00    10.00      .00      .2500     1.00
1.  1.0  90.929     6.00    10.00      .00      .2500
14.  1.0  95.313     2.00
1.  1.0  97.518     2.00    10.00      .00      .2500     4.00
6.  1.0  97.518     6.00     6.00   107.22    12.0000
1.  1.0 100.752     6.00    10.00      .00      .2500
1.  1.0 103.986     1.00    10.00      .00      .2500     5.00
1.  1.0 107.220     6.00    10.00      .00      .2500
1.  1.0 110.454     2.00    10.00      .00      .2500     4.00
6.  1.0 110.454     6.00     6.00   120.16    12.0000
1.  1.0 113.688     6.00    10.00      .00      .2500
1.  1.0 116.922     1.00    10.00      .00      .2500     5.00
1.  1.0 120.156     6.00    10.00      .00      .2500
14.  1.0 124.540     2.00
1.  1.0 127.690      .00    10.00      .00     1.0000     5.00
1.  1.0 127.690     5.00     2.00      .00     1.0000
2.  1.0 132.791      .00     1.00      .00      .5000
1.  1.0 136.665    -1.00    10.00      .00      .5000     7.00     1.00
1.  1.0 136.665     6.00      .00      .00      .5000
14.  1.0 141.967     2.00
1.  1.0 144.172     2.00    10.00      .00      .5000     2.00     1.00
1.  1.0 144.172     4.00      .00      .00      .5000
2.  1.0 149.051      .00     1.00      .00      .5000
3.  1.0 152.755   100.00     1.00
1.  1.0 157.586     8.00      .00      .00      .5000
1.  1.0 157.586    15.00    20.00      .00      .5000     7.00     1.00
2.  1.0 163.319      .00     1.00      .00      .5000
3.  1.0 165.565   100.00
5.  1.0 171.687    -3.00    -3.00   198.83    -2.1359    -1.00
1.  1.0 171.687    -1.00    10.00      .00      .2500     7.00
6.  1.0 171.687     6.00     6.00   182.68    12.0000
1.  1.0 174.921     6.00    10.00      .00      .2500
1.  1.0 179.446     5.00    12.93      .00      .2500     1.00
1.  1.0 182.680     6.00    10.00      .00      .2500
1.  1.0 185.914     1.00    10.00      .00      .2500     5.00
6.  1.0 185.914     6.00     6.00   195.62    12.0000
1.  1.0 189.148     6.00    10.00      .00      .2500
1.  1.0 192.382     5.00    10.00      .00      .2500     1.00
1.  1.0 195.616     6.00    10.00      .00      .2500
14.  1.0 200.000     2.00
8.  2.0    .000    -6.00      .70   200.00
3.  2.0   1.575
17.  2.0   7.035      .00     2.00
6.  2.0  14.883     9.00    11.00    24.60    21.0000      .00      .00    12.00    20.91    24.60
1.  2.0  14.883    10.00    20.00      .00      .7500     1.00    10.00
5.  2.0  14.883    12.00    19.00    28.28     2.2434    -1.00
1.  2.0  20.910    13.00    20.00      .00      .1250     2.76
1.  2.0  24.596    15.00    20.00      .00      .1250     4.00
6.  2.0  28.281    12.00    12.00    38.06    21.0000      .00      .00    12.00    34.37    38.06
1.  2.0  28.281    17.00    20.00      .00      .7500     5.00    10.00
1.  2.0  34.370    13.00    20.00      .00      .1250     1.00
5.  2.0  34.370    16.50    16.50    67.00     4.6250    -1.00      .50      .55
1.  2.0  38.055    14.00    20.00      .00      .1250     2.00
1.  2.0  44.161   115.00    10.00      .00    65.0000    -2.00     3.00
1.  2.0  47.552    14.00    20.00     1.00     2.0000
1.  2.0  59.614   113.00    10.00      .00      .0000     1.75
6.  2.0  59.614   114.05    14.33    61.99    13.0000
1.  2.0  61.991   114.00    10.00      .00      .0000      .55
1.  2.0  67.000    13.00    20.00      .00     1.0000
2.  2.0  81.227      .00     1.00      .00      .5000
1.  2.0  87.695    10.00    20.00      .00      .5000      .00     1.00
1.  2.0  97.518    11.00      .00      .00      .5000      .00      .00      .00     2.00      .00       .13      3.63
1.  2.0  97.518    11.00    20.00      .00      .5000     -.50      .00      .00    20.00
6.  2.0  97.518    11.50    11.00   103.99    21.0000
5.  2.0  97.518    12.50    11.63   103.99      .8000    -1.00      .00      .55      .00      .00       .00       .00       .00      1.00      1.13      1.00
1.  2.0 103.986    10.00    20.00      .00      .5000    -1.00
1.  2.0 110.454    11.00    20.00      .00      .5000     -.50      .00      .00    20.00
6.  2.0 110.454    11.50    11.00   116.92    21.0000
1.  2.0 116.922    10.00    20.00      .00      .5000    -1.00
9.  2.0 127.690    -2.00   123.00      .00      .0000      .00      .00      .00      .00      .00       .00       .00     -2.00
1.  2.0 127.690    10.00      .00      .00     1.0000
1.  2.0 127.690    12.00     2.00      .00     1.0000
1.  2.0 127.690    14.00      .00      .00     1.0000
1.  2.0 127.690    16.00    20.00      .00     1.0000     6.00
2.  2.0 132.791      .00     1.00      .00      .5000
1.  2.0 136.665    15.00    20.00      .00      .5000     1.00     1.00
6.  2.0 144.172    13.50    14.00   149.05    21.0000
1.  2.0 144.172    14.00    20.00      .00      .5000      .50      .00      .00     2.00      .00      2.00      2.00       .00       .00       .00       .90
5.  2.0 144.172    15.63    17.38   149.05      .8000      .00      .00      .45      .00      .00       .00       .00       .00      1.00      1.25       .63
9.  2.0 144.172    22.00    75.00      .45      .0000      .00      .00      .00      .00      .00       .00       .00      2.50
1.  2.0 149.051    16.00    20.00      .00      .5000     2.00
6.  2.0 157.586    10.00     9.50   163.32    21.0000      .00      .00      .00      .00      .00       .00      -.50
1.  2.0 157.586    10.00    20.00      .00      .5000      .00      .00     -.50     2.00      .00      2.25      3.25       .00       .00       .00       .90
5.  2.0 157.586    11.88    14.25   171.69     2.3750    -1.00      .00      .00      .00      .00       .00       .00       .00      1.00      1.13      -.38
9.  2.0 157.586    19.38    75.00      .45      .0000      .00      .00      .00      .00      .00       .00       .00      2.50
1.  2.0 163.319     9.00     3.20      .00      .5000
1.  2.0 163.319    12.00    22.93      .00      .5000     2.50
1.  2.0 171.687     8.00      .00      .00     1.0000
1.  2.0 171.687    13.00    20.00      .00     1.0000     5.00
2.  2.0 185.914      .00     1.00      .00      .5000
1.  2.0 192.382    10.00    20.00      .00      .5000      .00     1.00
5.  2.0 110.454    12.50    11.63   116.92      .8000    -1.00      .00      .55      .00      .00       .00       .00       .00      1.00      1.13      1.00
7.  2.0  47.375    16.00     1.00    58.50
14.  1.0 169.717     2.00
