99 Example tie-finger2
99 Thu Aug 20 17:45:16 PDT 2009

8.  1.0  30.000      .00      .00   170.00
14.  1.0  30.000     2.00
14.  1.0  30.000     2.00     8.00
3.  1.0  31.965      .00     1.00
1.  1.0  40.730    -1.00    10.00      .00      .5000     3.50      .00
6.  1.0  40.730     2.50     5.00    65.36    11.0000
1.  1.0  40.730    -1.00    20.00     1.00      .5000    -1.50      .00     3.25
5.  1.0  40.730    -3.00    -3.00    69.82    -3.0000    -1.00      .00      .00      .00      .00       .60       .00       .00      1.00      5.75     -1.25
1.  1.0  51.928     2.00    12.00      .00      .5000     1.64
1.  1.0  51.928     2.00    22.00      .00      .5000     -.50     1.00
5.  1.0  51.928     1.00     1.00    57.89     -.7500    -1.00      .00      .00      .00      .00       .60       .00       .00      1.00      3.00      1.00
1.  1.0  57.893     4.00    10.00      .00      .5000      .24      .00
1.  1.0  57.893     2.00    20.00      .00      .5000    -1.00      .00     1.50
1.  1.0  57.893     4.00    20.00      .00      .5000    -1.00
5.  1.0  57.893     3.75     3.75    69.82    -1.2937    -1.00      .00      .00      .00      .00       .60       .00       .00      1.00      3.50      -.75
5.  1.0  57.893     1.00     1.00    69.82     -.8000    -1.00      .00      .00      .00      .00       .60       .00       .00      1.00      4.25     -1.50
1.  1.0  65.358     6.00    10.00      .00      .5000    -1.00      .00
5.  1.0  65.358     7.63     7.63    69.82      .5000    -1.00      .00      .00      .00      .00       .50       .00       .00      1.00      3.38      2.00
1.  1.0  69.823     6.00    10.00     1.00     2.0000
1.  1.0  69.823     4.00    20.00     1.00     2.0000     4.00
1.  1.0  69.823    -1.00      .00     1.00     2.0000
1.  1.0  69.823     2.00      .00     1.00     2.0000
5.  1.0  69.823     6.50     6.50   107.98     1.2500    -1.00      .50      .00      .00      .00       .00       .00       .00      1.00      3.75     -1.25
5.  1.0  69.823     3.25     3.25   107.98    -1.2500    -1.00      .25      .00      .00      .00       .00       .00       .00      1.00      3.75     -1.25
5.  1.0  69.823      .75      .75   107.98    -1.2500    -1.00      .25      .00      .00      .00       .00       .00       .00      1.00      4.25     -1.50
5.  1.0  69.823    -2.00    -2.00   107.98    -1.2500    -1.00      .25      .00      .00      .00       .00       .00       .00      1.00      4.25     -1.50
14.  1.0 105.516     2.00
1.  1.0 107.981     6.00    10.00      .00     1.5000      .00    10.00
1.  1.0 107.981     2.00      .00     1.00     2.0000
1.  1.0 107.981     4.00    20.00     1.00     2.0000     4.00
1.  1.0 107.981    -1.00      .00     1.00     2.0000
1.  1.0 132.475     6.00    10.00      .00      .5000      .00     1.00
5.  1.0 134.209     7.50     7.50   146.37      .6000    -1.00      .00      .00      .00      .00       .60       .00       .00      1.00      1.50     -5.75
1.  1.0 139.240     4.00    10.00      .00      .5000      .00      .00     4.00
6.  1.0 139.240     4.00     2.50   150.10    11.0000      .00      .00      .00      .00      .00       .00      4.00
1.  1.0 139.240     6.00    10.00      .00      .5000    -1.13    10.96
1.  1.0 139.240     4.00    20.00     1.00      .5000    -1.00
5.  1.0 139.240     2.00     2.00   150.10     -.6000    -1.00      .00      .00      .00      .00       .60       .00       .00      1.00      1.50     -5.75
1.  1.0 150.105     2.00    12.00      .00      .5000      .50      .00
1.  1.0 150.105     2.00    22.00      .00      .5000    -1.00    10.95
1.  1.0 157.270    -1.00    20.00      .00     1.0000    -1.50
2.  1.0 157.270      .00      .00    -1.00      .5000
1.  1.0 161.735     6.00    10.00      .00     1.0000     1.00     1.00
14.  1.0 170.000     2.00
8.  2.0  30.000    -1.00      .00   170.00
3.  2.0  31.965      .00     1.00
2.  2.0  40.730      .00    -1.00      .00     2.0000
1.  2.0  69.823     8.00    11.00      .00      .5000     1.50
6.  2.0  69.823     9.50    14.00    98.55    11.0000
1.  2.0  69.823     8.00    20.00     1.00      .5000      .00      .00     3.25
1.  2.0  81.021     9.00    12.00      .00      .5000     2.25      .00
1.  2.0  81.021     9.00    22.00      .00      .5000      .00     1.00
1.  2.0  89.086    11.00    13.00      .00      .5000     1.52      .00
1.  2.0  89.086    11.00    23.00      .00      .5000
1.  2.0  89.086     9.00    20.00      .00      .5000      .00      .00     1.50
1.  2.0  98.551    15.00    11.00      .00      .5000    -1.00      .00
1.  2.0 107.981    11.00    20.00      .00      .5000    -1.00      .00    10.00
1.  2.0 107.981    15.00      .00     1.00      .5000    -1.00      .00     -.25
1.  2.0 107.981    11.00    10.00     1.00      .5000     3.00      .00     -.25
6.  2.0 107.981    12.00    10.00   117.68    21.0000      .00      .00      .00      .00      .00       .00     10.00
1.  2.0 117.679     9.00    22.00      .00      .5000    -1.00
1.  2.0 117.679     9.00    12.00      .00      .5000      .00     1.00
5.  2.0 117.679    15.75    15.75   128.84     1.0000    -1.00      .00      .00      .00      .00       .60       .00       .00      1.00      3.88     -1.13
1.  2.0 128.844     8.00    21.24      .00     1.0000
1.  2.0 128.844     9.00    10.00      .00     1.0000      .00      .00    20.00
5.  2.0 128.844     6.38     6.38   139.24     -.7500    -1.00      .00      .00      .00      .00       .60       .00       .00      1.00      2.00      -.63
5.  2.0 128.844    10.50    10.50   139.24     1.2500    -1.00      .00      .00      .00      .00       .60       .00       .00      1.00       .75     -2.13
1.  2.0 139.240     8.00    20.00     1.00     2.0000
1.  2.0 139.240     9.00    10.00     1.00     2.0000      .00      .00    20.00
5.  2.0  98.551    15.75    15.75   107.98     1.0000    -1.00      .00      .00      .00      .00       .60       .00       .00      1.00      3.50      -.75
5.  2.0  81.021     8.25     8.25    89.09     -.7500    -1.00      .00      .00      .00      .00       .60       .00       .00      1.00      3.13       .75
